100
19 62 2
15 1 3 4 29
27 42 5 2
17 20 8 2
6 40 3 37 11
5 47 16 9 22 7
71 12 21 6
64 44 10 4
6 13 72 14 61
8
5 80
25 7 38
33 9
59 52 9
2 18 30 99 23 35 79
85 6 77 43
41 56 4 57
15 24 26
1
4 75 70
7 54
65 6
28 15
45 98 90 18
12 34
18
3 82
23 89
95 32 2
31 15 84
30 76 86
29
51 13 66 88
96 25 48 36 39 93
15
49 34
5
12
34
68 5 50 46
17
53 3
60 16
92 87 8
24 55
40
6
34 58
36
97 40
33
14
42 67
21
45
69 17 100
74 17
48
14
43
63 9
1 73
78 83 61
8
22
33
53
40
56
20
7
9
62
57
20
31
16 81
63
15
11
77
27
63
30
16
31
44
91 33
28
24
88
44
94 34
93
29
34
50
24
15
56
