100
90 3 2 4 46
1 17
8 1 6 85 31
13 9 5 1
88 4 37
12 7 30 3 73 77
23 6 24
3 32 18 66 91 10 11
39 4
8 87
25 8
6 54 14
4 78 22 28
21 20 15 12 86 16
14
36 41 14
19 2
8 56
26 17 45
14
29 14 94
68 13 50
7
38 7 60
11 76 27
19
51 25 33 42
13
21
35 6 52 34
81 3
8 44
27
30
30 47 96
16 43
40 49 5
70 24
9 74
37
16 48
27
36 61 63
58 32
82 65 19
1
35 79
80 41
37
22
27 53 83
62 64 30 59
51
55 12
54 69
57 18
56
44
52
24
43
52 67 84
43
52 92
45 71
8
62
72 22
75 55
38
65
68 97
6
39
69
98 25
6
13 93
47
48 99 89
31 95
45
51
62
3
14
10
5
80
1
8
64
78
21
81
35
72 100
76
80
97
