300
29 60 3 181 2 52 42
4 156 1 245 48 235 217 7
179 1 18 5
150 2 11 68 78 24
6 180 3 8
5 23 105 83 9 147 45
19 229 16 10 13 2
20 15 5 17
111 201 6 64
82 12 95 7
4
36 37 10 277 14 39
79 7 196
12 44
27 126 8
34 136 107 143 21 30 7
22 33 8
117 3 67 184 35
7 266 227
8 88 28
25 26 16 246
17 189 31 77
6 41 114 61 55
71 188 159 4
21 211 118
21 214 149 73
40 15 43 62
133 20
1 219 112
16 47 141
32 176 22 135
46 31 128 215
198 171 17
50 16 108 163 93 115
155 18 167 85
12 101 75
12 92 38 256
76 37
63 12
27 275 57 230
51 23 58
69 288 1
27 49
165 14
89 153 6
97 32 54 72
158 30
2 251
218 59 43
34 66
41 53 262
56 205 1
225 51 175 102 294
138 197 46
242 23
52 65 100
178 40
152 41
90 49 70
110 1
23
27 169 260
168 87 39 280
203 9
125 116 56
50
241 18 174 98 74 120
4
121 42 193
172 59
190 24
46
26 81
202 221 67
295 36
38 80
231 86 185 173 124 22 191
4
84 13 145 186
76 252 289 195
129 212 73 134
10
6
272 79 119
177 35
94 77 164
63 132 187
104 91 99 20 96
45
59 297
103 88 113
37
34
86 255
10
88
46 248 208
67 237 209
88
131 239 56
106 109 36
183 53
137 91 220 286
88
282 6
101 206 204
162 16 257
34
300 101 264 157
60
9
170 29
283 91
23
130 34
65 291
18 293 123
25
84
127 146 67 122
69 139
120
117 292
285 154 77 236
140 65
15 166
120
32
81
115
100 142
222 87
28 151 247
161 210 81
31
16 234 144
103
54
121
125
160 30
131
269 16
148 136
79
120 268
6
144 276
26
4
133
58
45
253 124
35 298
2
224 109
47
200 24
216 141
134 279 226
107 232
34 287
86
290 44
126
182 35
63 207
62
112
33 281
194 70
77
228 67
53
192 31 263
85
258 57 240
3
5 213
1
167
102
18
77
244 79
87
24
22
71
77
176 199 261
223 69
172
296 80
265 238 13
54
33
192
159
9
74
64
106
52
106
168
97
98
134
25 259 271
81
278 180
26
32
160
2
273 49
29
103
74
249 132
254 193
157
53
161
233 19 250
174
7 299
40
77
162
227
136
243 2
124
98
196
100
178
67
55 270
235
186 284
2
21
133
97
222
227
48
80
154
223
94
37
267 107
178
211
62
192
51
176
109
196
19
257
146 274
143
242
211
84
218
268
40
148
12
213
161
63
171
105
113
244
124
103
163
42
80
165
116
123
117
53
75
195
90
155
229
109
