100
14 2
4 70 6 21 3 1 40
7 2 13
2 5 11
4 90 44
2 9 10 8
3
27 12 18 32 6
25 6
91 63 6
34 4 16
8 15 71
51 3 89
50 1
36 67 55 12 98 29 77
45 11 17 88
37 58 49 54 64 24 47 16
22 19 79 8 23 20
28 18
26 41 18
2
18 74
18
56 17 59
9 81 35
39 31 20
8 85
19 30 78
15
28
33 26
8 48
31
11 65
25
15 38
17 43
83 46 36 42
26
2
20
38
37 53 82
75 69 5
61 16 68
38 80
17 57 60
99 52 100 32
17 92
94 14
13
48
43
17 87
15
24 73
47
17
24
62 47
86 45
66 72 60
10
17
84 34
62
15
45
44
2
76 12
95 62
56
22
44
71
15
93 28
18
46
25
43
38
96 65 97
27
61
54
16
13
5
10
49
78
50
72
84
84
15
48
48
