10000
14 105 2
4 70 4432 6 21 1116 3 6811 1 40 3928
2068 599 7 2 13 5458
1137 2 3586 5 144 256 9203 11 7379 1247 2240
138 1739 128 4 90 1457 44 898
2 9 9807 10 8 2859 132 3984
5297 6088 3 3010 423 1011 787 333 3831
27 12 18 32 2997 6 2939 120
25 6 965 953 1244
91 2214 9849 63 6 2720 1587
1237 34 243 4 192 16 9301 386
8 2217 15 2651 624 3178 174 71
1753 302 1757 2747 2039 51 1020 3 89 315
103 247 8915 409 1732 50 1 4813 820
36 5731 67 1135 55 12 98 2673 29 241 77
1369 583 45 11 17 88
37 58 1529 49 54 64 24 47 16 233
22 19 79 8 23 661 20 167
9529 1320 28 18
113 3397 2870 26 210 41 18 1147
112 2 133
194 18 1146 74 193 962 420
2962 1018 5175 18 240 3558
56 199 17 7032 59
9 1041 1898 81 125 101 35 146 331
108 127 385 149 39 31 20 1822
8 1908 348 495 5630 85 119
589 19 272 107 2006 4901 704 204 30 78
323 1168 6198 15 5094 1616
613 1293 28
116 605 33 888 26 357 217 3089
1918 8689 4024 4206 8 1724 48
31 164 373 197 292
11 3167 9794 1235 65
354 387 25 1028 185
15 1697 4323 7200 8056 38 4904
17 649 43
375 1719 2461 3563 3422 83 46 3965 472 580 329 36 42
229 26 290 253 598
1637 180 1088 7204 160 2 1912
173 693 196 8732 211 1004 20
7074 38
37 3287 232 383 53 82 585 3940
3253 75 381 3551 427 69 182 297 1253 5
3336 3852 4009 61 1199 16 950 68
4162 1608 38 80 198 995
148 1434 345 1598 17 57 60 338
382 924 134 99 162 52 100 32
378 17 170 1855 92 2460 5242 6305 2359
94 9976 321 332 7307 8557 14 1131 8348
1263 1184 13 1275 2437 674
48 104 698
1574 260 294 43
4611 17 261 87 1824 1176 339
416 15 3815
1445 1195 24 213 2381 3524 1944 5766 172 461 73
277 1702 201 47 281 2459
522 17 1955 342 6644 528 431
886 961 24 312 481
2071 9159 62 47 415
2522 86 1212 45 3043 864 1888 859 1265
66 234 72 156 60 189 509
8236 10 6007 191 397
347 3261 17 1507
1528 2297 2538 84 5139 3470 371 715 34
1232 7442 1331 262 3170 62 169 221 1264 4844 279
3729 1291 15 545 2179 166 176 1804
270 473 5920 9188 200 45 308
3696 6854 44 1546 360
470 2 265 6968 7344
76 636 12
95 3516 287 62 1798 236
8535 1464 3372 2489 1725 56
22 2554 115 3283 273 355
1691 135 757 44 2213 5683 635 508 1114 3044 670 2657 5736
158 71 121 6077
4489 908 2318 111 15
2475 852 114 93 283 28
4378 223 145 1644 3100 18 2690 1326 4428 1659
8326 687 1391 46 784 5704 659
1703 25
436 43 165 7610
184 38 190 6588 463 106
96 853 527 2084 320 65 1017 447 97
3975 900 2536 122 4081 27 129 1547 2909
839 1806 61 4407 640 8302
153 2838 54 2598 102 1516
274 5490 163 288 16
705 13 5856
177 5 5616 299 1751 152
5274 10 151 889 328 179
49 5390
7832 78
147 5216 1928 50 3453 384 159
72 533 505
84 1887 110 1105 677 5584 9653
1902 131 617 519 84 4935
905 3295 15 3808 369
3325 48 9378
2085 300 7419 5579 738 48
2557 574 8046 1520 25 3621
1019 4762 209 634 206 87 526 1245
14 1050 140 109
52 676 6067 3196
379 2854 7880 1 786
118 2040 8626 124 6099 139 187 2142 3423 83
1313 28 1712
26 1422 975 2811 9350 2129
6083 8918 123 214 9502 117 103 286
7800 96 1098 6626 1261 4705 6529 225
4105 3341 267 2647 77
4362 3459 2529 21 6558 1029 142
1026 20 188 552 271 4093 9264 161
7822 78 3866 224
2277 318 74 9386 5587 254 1627
31 5236 1974 4140 1362 3108
275 309 5212 4082 109 9685 403
106 425 370 157 130 792
218 840 304 1440 1850 27
136 7112 268 126 1454 5375 8
76 150
258 1123 85
4454 109 920 377 960
106 141 314 894 2403
4431 25 137
120 934 337
26 155 6611 9613 178 5095
5
242 4788 85 775
3618 535 1571 1182 538 276 118
97 1074 171
631 998 9865 629 316 2409 1966 226 956 6 2995 498
313 264 781 21
48 2967 740 231
5887 75 641 183
222 414 6089 120 576 765 620
456 125 838 1109 143
5 520 1433 186 219
106 615 7381 469 8620
8617 103 1828 655
124 6472 5027
1695 303 1248 546 112
578 3755 2199 137 9115
2299 4 5915 2513 842
154 79 6900 1187 897 4271 195 1400
362 2791 25 1447 8293
94 230 3698 1686
776 340 47 544 7631 3571
26
6655 421 245 121 8673
91 1797
1299 1359 6301 3946 90
87 504 248
441 145
9369 127 825 565 5760 1094
2423 2183 8524 212 7067 62
2184 1698 4830 118 875
9086 76 8561 5432 1740
438 94
4821 1126 40 1989
944 227 763 1095 1664 280 3176 1641 113 4332
346 1036 48
168 298 88
33 293 3520 350 1513
563 2387 82
3797 359 67
1175 3203 3536 2696 175 18
429 163 7854 2474 181
66 976 893
798 49 393 325 1220 1257 3702
1377 8600 1488 594 131 246 228
450 8317 531 752 2301 56
41 8154 9624 834 8048 216
399 296 12
5851 167
608 990 8930 867 422 67 1242
602 220 90 6511 413
1280 8295 1501 9791 1891 127 499
250 453 2846 1364 811 1541 9867 91
4182 40 2541 1387
5260 266 168 2721 6274 356
560 44 7247
2843 796 238 135
83 794 6759
4882 9806 4675 4370 344 35 6481
1442 249 202 138 7686 7036 3832 3390 532
1039 1706 606 106
2333 113 2815 541 1458 1588 208 769
305 235 7163 215 62
263 83 1506
1696 63
2097 11 9990
1537 7840 6066 22 4297
22 4113 523 239 4754
1246 319 3781 666 145 1576
426 41
205 33
680 5365 7860 1476 46 464 1661 407 255 4651
24 948 1055 568 1472 7522
1524 68
1573 57 1982 396 203
186 480 5643
993 4664 850 201
723 28
884 2584 2965 1160 197 1471 207
5536 380 102
401 5219 3247 366 439 205 349
334 188
326 9466 102 524 683 491 1485
804 3081 1818 20
1489 501 41 1308 301 1747 434
430 307 156 4106 3360
291 433 56 7713 9321 542
109 5324
4840 2434 4339 189
845 1515 173
1260 513 7268 31
603 119 1439
138 7505
1826 890 177 1228 2250 703 1548 1047
518 5600 66 458 1551 257 485 3666
136 336 2893 4301 358 517 3667 2028
417 79 252 2482
114 6148 711
374 582 341 110
1522 1127 259 132 6049
161 2726 6206 2766 2622
443 6618 400 171 2305 7181
503 4248 39 604 4171 1252
147 3949 364 2869
5670 3004 134 1846
1778 43 5853 7753 4372 9631
647 1266 595 1800 406 17
244 1693 237 8520 570 62 3357 1504
597 1617 189 2032 1469
2059 812 3015 72
1636 234 4264 1392 1271 4506
352 2137 183 989 511 8919 4514 4639
194 251 912
5838 1985 23 751
525 586 719 1621 6452 2697 486 15 1106
129 1150 2138 388 1947
2215 1591 11 7931
234 285 1774 1466 1078
3907 150 372
1733 171 5306 1847 940 4985 690
7980 14 556 2178
626 153
186 6454
179 311 7228 6252 1355 773
7921 619 7219 492 239 791 741
1655 1314 3139 223 2806
8910 39 5649
1152 391 115 3857
1502 198
4540 4 1533
5126 221
1143 122 496
3732 2608 579 226 4063 343 5088
53 610 455
54 1045 269 468
330 9620 66 2176 6865 1038 5751 1535 3455
368 190 5907 6205 392 3243
133 3741 4135 3746 8889
442 70 289 6298 591
6405 324 7157 181 284 782
685 1121 111 5612 2234 2223
3996 120 1151 306 9740
660 2758 997 261
68 7783 2767 5968 278
317 2033 113 1432 701
6876 28 548 534
1654 322 2088 295 74
744 1056 88 3264 3649 4313 2090
117 681 5350 1905 4846 5502 1023
858 9244 130 351
57 933 737
6757 8116 270 6297 1497 3892
651 1652 5541 5043 66
310 5165 2455 896 758 161 600 507
282 1833 3654 1052 1058 1953 57 466
281 1285 1614 444
5545 1854 4293 1007 2484 78 818
1410 266
244 3677 1075 1570 5910 2732 572 1436 684
1672 8632 405 109
3625 530 72
3149 2804 88
6828 363 432 265 454
6057 1557 1188 7197 39 547
213 2382
3474 6146 761 2414 33
164 490
2108 53
735 452 8572 273
428 5383 174 1807
2271 6947 44 1262
3519 7454 163 4621
739 4524 2098 90 6051 885 835 6890 733
100 335
5421 2233 4224 465 211 1407
13 1756 1401 2574 327 3752
142
119 746 847
189 4177 3530 3914 1977 1049 2629 424
398 1550 268 479
2060 734 212 9168 4967 720
5121 668 68
117 9012 418 667
280 2596 1034
250
7542 1988 59
133 1339
404 2553 124 3300 2024
477 9742 13 4319
1396 3286 3324 132 7160
2372 2819 1483 271 539
115 814 9087
1091 2718 195 1684 5928 3974 3620
84 3016 5159 2735 7761
927 50 2575 8756
273
361 29 411 9444 7186
5609 266 2107
5744 2731 969 170
209 2750
652 1279 302
7464 7599 3335 3347 91 1190 1309
561 1002 2971 38
262 3495
9060 365 3018 1861 9309 367 2346 25
50 5559
4115 958 7 2473
1295 7795 6013 2009 208 1027 878
2852 1462 300 4567 592 4417 5636
222 3381 4644 553 412 1630 7249
2323 3562 2558 1321 126
7402 489 1281 2861 47
4867 564 54
3235 1025 2496 148 909 1236
573 764 695 2821 5368 4163 657 225
58 550
1511 4829 376 353 3327 627 259 3112
1916 5628 795 1206 696 516 185
1397 47 460 3069 862 774
162 9852 1765 1165 799
8695 64 1051
27 435 390
4534 4456 2585 207
449 402 871 1699 164
2822 1994 1198 276 588
238 1273 1556 2639 1773 9721 3682 987 721
3085 868 343
35
7644 1139 1286 1012 74
1000 4588 4172 181 3718
2050 2524 5836 31
6727 1484 445 551 222
682 1332 855 166 4672
6954 69
4200 323 665
146 730
2143 1269 289 6157
1681 1120 230 4526 754 1907
331
471 8181 7471 207 1255 543 2412 1995
331 991
1103 263 8089 2991 457 389 5821 395 1830 451
785 4197 98
408 2273 118
494 5614 65 3591 9839 1792
750 245
33 1344
789 225 4034
38
343 5387 4940
123 622
49 1102 5318 2370
3795 105 2436
1183 8379 206 567 621
44 1600 1107
48 9588 558
5247 9270 43 482
870 94 2385
26 1142 2488 2955
678 11
913 35 488 2928
1178 575 662 394 242 708
368 2748
348
7346 1115 254
3279 1967 7013 263 4630 440
170 1230 4570
410 388 7259 1405
562 2320 4257 368 2710
5100 9281 692 5680 1316 201 2229
1668 459 63 2367 4317
306 1215 2165
1677 3456 2919 941 3432 174 8521
228
4241 2684 207 7500 616 3868
7680 4013 350 1563 446
1082 484 1277 117 957
314 2627 448 4065 1072
2671 964 1521 286 1053 1443
4851 233 4199 521
653 4035 198
370 4914 4552
14 5451
540 8330 394 4477 1689
323 904 672 609
824 766 3292 336 3790 2625 6272
849 3989 2648 177 5143 5122
1268 136 1015 2139
1764 2263 5918 60 915 8031
691 992 642 1134 55 5485 3051 3222
223 1415 1549 3005
745 419 843 309 931 2351
1731 8508 418 4994
6141 1612 2189 1213 860 22
3967 3361 8247 150
5382 176 3256 2618 1338
939 596 7 9776 1593
7787 1705 305 980
1631 118
196 1016 478
2960 7453 44 557 5415 1475
296 1136 437 996 6273 1133 3309
168 971
7700 2000 861 212 736
554 1144 697 7521 648 58
1416 1721 892 7497 1067 289
213 910 1196
726 650 1564 4973 211
4601 483 348 3671 7924 846 529
3395 82 462
612 6737 428 3552 510
159 1350 644
9845 4732 207
943 4704 2795 392
154 1903 506 1783 946 6742 7834
1079 5197 265 8360 3225
228 2569 1481
1068 282 1186
4004 358 474 566 2613
727 4304 402
84 9451
607 2025 2753 6575 3809 7343 404 3193 8329
350 1042 664 2353 9025
172 5826
476 3807 467 9017 368 3812
1203 295 1141 537
179 1567 2927 6151 6590 8823
1920 4258 5253 1402 289
984 260 669 3862 9912
137 1259
368 1021 6519 844 1194 914 1839 630
3944 3701 475 221 6304 1209
397 4328 689 937 2975
493 345 6600
5183 5959 1628 3963 709 2894 815 56
788 3130 6354 436 686 2537
1893 658 1590 83 1467
5964 1539 8426 198
2202 301
5705 790 2788 1754 6226 1743 2322 281
451 762 3183
1164 261 7185
2835 2844 6248 139
70 6623 1070 1419 3871 768
8335 366 623 712 985 1380
4721 851 2601 38 497 699
68
6704 3700 5897 590 445 3098 1770
5499 1632 458 2528
451 1250 5902 3376
315 9372 3889 645
426
632 6858 306
202 1572 8558
2799 59 8263
1500 748 383
2988 435 828 487 1646
1904 1577 403
3245 3389 221 4694
654 1831 2206 593 7339 882 241
8241 483 802 512 2609
3941 8254 387
2426 1118 338 7469 2302
8324 1375 611 9114 293 502
2808 2422 209 1937 817
1113 500 251 1523 4689 1399 716 1217
460 643 2566 1647 2880
371 822 780
3265 3576 27
577 1374 258
2432 4954 1233 2420 472
2005 1963 3858 132
2013 2798 930 9670 2829 1788 178 7137
492 3278 3614
211 584 536 581
2560 4336 490
229
656 4006 8611 917 153 1930 1243
2441 95
441 6140 2306
810 1666 280 877
4040 75 959 8832 1477
5438 62
5486 437 759
5825 2550 238
515 487 2510 2239 1192 742 514
217 874 722 7227 2027
2081 1625 3384 512
3443 512 2760
936 1092 344 6350 4129
2180 222
221 1132 571
4886 2079 3033 97
138 2518 2478
1730 406 869
58 7724 1080 873
3435 2555 194 8871 1865 3872
569 209 1449
3850 241 7519 1077
549 805 102 2539
84 813
58
625 9778 435 614
287 1981
2764 3382 172 555
7714 4345 826 186
3025 95 9253 2225
2157 2245 2136 3417 272
700 9265 130 1046 2384 5561
3132 8193 501
1701 2070 718 452
2047 3097 1776 6349 130 1766 3430 1414
1128 1119 5919 317
410 4143 1081 833 3221 4165 1933 777
2946 188 714 1216
5093 1294 2551 5592 213 3861
1559 366
3476 7251 148
1008 67
2797 6498 142 2008
4118 290 829
1512 1276 587 4964 272 1446 8099
526 6992 559
8203 2431 2945 2994 342 5621
358
717 967 113 3533
1357 336 1296
431 816 4484
9308 531 2082
247
800 772 427 688 5702 3240
1348 382 1922 4256 945
3575 549
2330 182 2007
329 3333 6964 638
395 949 2029
165 4560 8664 4026 767 2448
841 1803 2914 2067 339 7883
1305 155 2816 1451
1096 2934 9720 1679 445
380 1035
5450 618 4902 1061 199
524
6859 628 234
2918 1711 1384 518 4595
1461 1526 285
9182 341 928 7869 7369
1437 3674 101 1538 4286
388
8893 671 136
496 2466 1845 8382
143
259 2521
1210 1921 8221 38 8217
3602 675 3118 501
3200 225
16
3137 501 646 2589 808 639
1669 1417 43
2192 241 2144 942 857 1633 7847 1678
2481 6808 1749 548 2777
351 1459
28 4174
5651 474 863
2336 8811 3522 3728 3340 8153 265
5701 4123 335 3047
486 4086 3107 771 1892
171 1531 2636 1181 872
1282 233 1619 4303
423 854
3619 235 2427 1378
601 39
1180 3 2983 1022 3020
3849 280 3052 803
3932 598 1335
177 2487
713 218 2467 1618
229 1889 2374
31 756 1358
1365 187
448 5808 8062
176 1251 1379 2012 979
831 6751 8627 411
797 1130 260 2257
2187 490 2830
437
30 1057
7421 529 4785 4465
4255 139 4712
2525 401
1226 97 3650
568
251 2173 3472 729
1863 4476 3008 136
4403 856 380
1189 4156 747 1006 377 9067
471 2200 1957 3508 5062
2219 970 12
809 529
248 4539 2016 9031 2377
1093 9299 343
570 4872 9630 876 2338 2662
637 132 633
866 3647 457 2968
132 1302 4487 1596 1292
5989 479 2643 1274
5257 629 6695 8669 5030 9139
102 973 4075
75 902
71 779 1728
1844 629 3517
2066 561 4499
710 584 6788 4683
86 5526 4937
135 901 1582 8417 1412 3739
416 1372 679
1409 2499 493 7919 2260 1805
8354 1325 2659 753 2669 438
477 1005
7971 2111 584 7665
3535 233 6392 9732
1208 706 6186 1640 431 1429
1346 37 1201 4874
434
279 3328
3534 327 663 673 1877
778 407 1558
486
2494 140
1222 504 4695 1909 9184 1835 6442
1648 341
1341 463
1463 4220 968 80
269 1288 2863
7663 702 18 8402
6924 4451 388 8793 1867 1509 2506 1874
652 2457 5405 1069
449 2734 8735
2048 361 9123
195 1163
6616 707 823 1620 2148 309
308 5775 9589
1584 455
3742 75 7156
1642 1465 576
1200 411
1860 652 6116 1495 2594 7327
8250 903 2210 51
5693 581
3175 2923 1333 724 3031 104 5861
4398 2335 96 2014 749
880 386 1322 1009
1423 2319 642 694
4871 198 8334 1802
1170 275 770 1718
5420 359 5018 2746 2389 9472 2548
209
743 881 3151 4180 3733 6444 3054 285
267
5511 1899 462
865 1389 728 80 3231
6981 557 3259 8436
459 955
5495 806 246
416 9731 8731 5230 1117
1958 396 4277
41 1354 4662
821 2925 679
2624 2878 341
344 1560 6566 5016
2850 431 2617 6119
725 895 2786 1849 1205 52
8926 1221 819 472
535 8038 3316 1101
830 271
661 4992 2237 3788
1687 7237 220 755 929
3258 836 783 1983 28 1064
1284 89 1202 4737
732 648 2133 6431
938 667 921 7744 4508
1650 2444 1404 1327 388
1104 461 2565 1872 2762
639 5009
224 5377
916 471
603 1742
2739 1278 8128 541
9687 2807 7716 65 848
4367 2280 6977 492
552 2295 1715
537 2241 7218 2258 1239
731 241 2416 6913
2948 2637 307
2588 352
760 513 7635
5730 204 7777
2691 676
698 4126 4092
434 1360 4471
2003 446 1474 4968 1685
1099 687 5111 3836
619
362 3166 978 3760
719 3726 8090
706
837 299
307 926
295 1318
430 3041
4228 277
100 1583 4879
299 1014 1044 2953
1758 134 954 4473 1493
2092 8375 251
4357 512
4789 684
274 4282 1935
6411 418 4252 3479 1311 8687
304
622 9891 2471 8834 6817 793
9048 482 2810 891
1832 2150 4467 1234 8434 677 1185
372
2552 9770 1177 240
172 8844
644 7784 801
1368 5277 364
2759 8994 703
6005 605 922
75 4132 2114
1769 280 1634 1363
8850 4052 510
722 4219 4608 4759 2728
3827 3782 292 2062
3068 467
5852 161 1421 2895
6988 8955 341 6536
1534 4173 3213 1675 136
412 8922 9634 6376
1736 2576 899 563
2174 2855 470
9407 2429 4003 188
681 1193 1097 1890
5796 593
6147 557 5163 1505 911 4613
1823 8690 7576 4103 250
2054 8569 1218 345
6011 129
148 1692 3407
540
653 2941
1784 636
1084 494
3079 2897 133 4169
1211 266 4972
1950 704
9523 2699 7107 9538 974 80 1398
2652 1054 369
906 832 963 2125 105
1060 7 3723
462 4855 2300 3017
374 2135
466 2171
4399 5007 1624 251
7843 1768 6330 2479 118
1110 9875 2269 6936 747
1390 5980 184 1848
4276 344 1010
981 183 9686
1300 610 1062 2152 4388
1690 170 4447 9274
1076 2243 3244 346
557
7918 753 9357
2191 487 807 1816
7866 600 5488
6082 210
4107 2421 526
8588 690
7234 1793 802 4176
1312 3269 584 2694
625 4911 5199 1254 827 3386
2155 507
8820 179 6404 1249 1934 1428
236
527
318
2312 2337 461
554 918 9995 1518
4130 3988 1059 6581 491
907 1256 7127 283 3791
5805 4746 699
2212 5430 1376 14
694
2410 494 4677 988
5044 667 3396 5787
5386 412 2161 8993 6061 3875
1087 1503 155
532 9585
6603 6760 809 8083
2100 6317 483 883 1040 4492 5880 1585
7046 547
701 4387 966 7187 2004
609 887
786
1514 540 8614 1173 2708
173 9144 2768
2901 983 299
1771 704 1738 2021
1997 733 4198
8054 137
86 8187 951 1090 1956
2386 119 3592
2845 564 1324 3002 2917
2595 144 3411
7989 418 1801 1157
5204 457 6171 4922 3502
216 1124 2291
2360 435 1129
8542 2264 304
1746 715
413 2232 2266
1229 1366 7778 1013 7425 3853 3513 2631 203
472 1214 2683
78 1580 1371
84 1043 2036 1683
6997 596
3570 2891 4604 359 5673
972 4853 621 5958
1345 6556 9637 586
276 2151
6434 1610 8630 61
2559 7212 4638 420
430 5771 7851
3971 345
2002 3014 590 1494
61 1923 5795
6466 687 879
2872 630
2839 176 1125
6961 1925 4381 353
1258 2583 521
5220 384 7027 2057
1737 350 3065
923 594
1031 522
513 2228
2394 4007 1594 157
1748 9219 2077 2469 7729 628
507
334
3851 952 865 3434
1138 678 947 7904
3249 4876 684 5780 5779 6595 7468
5762 3783 486 8693
828 3769 1566 5217
2288 205 1030 2640 1990 1224
1207 1156 2208 299
59 1852
3710 831 1336
31 986 5363 5665
2134 4261 91 3813 3867 1158
220 4079 2523 2966 5993
8127 2340 748
1001 432 7466
2175 2667 169
124 1919 2203 1085
3736 698 1145 7110 2952
4186 280
5140 8582 145
2591 8527 5
977 6963 767
6958 85 1435 6637 5830 1155
641 1388 6839
3687 1367 8936 635
5644 674 919
411 3339
8169 1704 98 3992 2451
5227 786 1283 5396
818 7923 1859 1478 2681
925 2140 77 5752
3392 6239 2019 340
433 3528 1611 8642 6081
8137 772
2706 6850 239 1843
1349 387 2802
1480 457
7004 415
2687 712
4856 504 6679 4908 2942
6712 816
5436 903
1153 123 1267 2773
1065 707 1089 3829 5750 2072 1856 3939
756 1328
872 4861 7712
48 6109 935 8400
908 1063 2883 4061 3021
1780 734
321 4622 932 4316
5806 7417 573 1003 2115
7242 703
499 1297
1545 5542 418
2564 927 7936
277 2774 2407
5187 2485 2929 1033 4389 126
2141 924
516 994 1952 2889 1037 8063
6421 1298 459
707
423 2504 6154
6969 1169 2211 246
399
4266 586 3951 3323 3633
6768 440 9649
161 4057 4592
3194 7643 1814 5282 558
441 2030
1438 1356 880
199 982
2649 1270 562 5672 3274 6145
4929 1943 45 5991
839 6546 3894 2049
5346 5311 879 4818 8240
9 1071
1812 1122 740 2969
689
132
403
1714 333 1992
3789 5158 508
1171 5118 4450 1161 123 3012
4614 3604 1420 5064 59
2692 7928 22
5341 8649 2701 786 2334
3767 405 3993
4072 9
830 1191 7960
552 1913 1086 999 1671
3011 1306 659
3140 325
2814 624 5845 6203
5422 429 8718 7689
856 9787
4349 1479 634 4284 1272
7856 1408 6749 1657 784 5743
1450 8964 108 1799
3281 5478 169 1660
899 2116 1969
9586 730 1024
2435 7335 608
5180 424
796 3896
948
8230 835 6020
455 5828 9129
1896 471
7512 888
7277 352
822
3359 3885 1149 2979 238
176 4242 5732 1241 9178
6189 367
416 9160 2101 7002 5482 2590
3943 203 1885
936
46 2235
2170 428 3131
2065 269
1167 132
5367 6625 3568 967
356 6218 1727
892 2580 1791
329 5484 1569 6940
928 2395 4342
2086 41
3009 645 1048
622
6418 283 1148
545 2922 3656
9859 7438 678
1108 7722 1323 795
1112 2011 7
355 1032
7016 3440 7824 850
739
414
426
8837 84 9323
23 2051
9789 102 1606 3499
1307 13
457 5717
7867 599 1455
6316 7953 1111 275
3713 6613 978 3997
3822 340 1762 6161 1303
113 2378
9027 1290 8865 334 1083
4366 35
1240 112
1334 884 6661
1343 873 2415 4505 4170
1012
1219 6056 934 3545
2112 1159 1649 310 1775
3172 567
1834 162 1658 1623 2103
2784 2915 9105 936
262 6910
3241 2530 187 1403 4572
1609 8202 828 3475
2716 25 4776 2034
6527 2417 449
1066 853
4279 739
1425 261 2520
1448 535 2619 3801
220
1227 8665 1869 3185 1005
6022 305 7229
103
4849 9539 347 4326
6261 1592 281 5947
1870 405
785 9512
3362 2468 2668 199 8729
1304 274
613 7120
1470 281
8180 1880 817 9736
9335 1553 1772 3721 787
2298 568
797
925
2190 5489 1932 1809 704
921 3601 1694 6285
1179 3094 1043
1734 1643 432
7303 1938 2713 444 7528
8017 1393 1543 1353 663
6636 5148 470 6396
1073 1406 3019 8409 953 7293
3663 4757 404
1071 1709
131 1578
7844 285 5506 1604
799 2695 3424
8797 525
1100 244 5156 1166 8641
442 2373
1858 522
2827 540
403 1154 1542 7365 1827 7859 2910 1486
9733 2783 1527 8139 1027
5123 2599 780 3629
5426 3436 6572 894
9236 967
1418 825
6738 7979 40
921 1370
2044 839
6266 319 1172
1373 4025 516 5663
6093 627 5202
4104 155
161 2063 4722
3129 6513 566 9380
770 1287 4213 5125
2676 2940 5136 110 3356 1453
728 3260 2204
1329 3299 1078 1842 5951
700
1552 378 3804 5840
368 8420 1174
2714 709 3445 3318
96 1948 8469
6697 2102 1667 241
2847 381
1010 3709
1140 5215 137
793 3684 5761 2316 9089 4307
4634 3759 1023 5385
1011
492 2527 3605 4244 2752
75 7502
2031 4753 391 1231
2
691
489 2842
539 5226
3296 1645 2329 364 4236
1452 267 1603 8149 5317
2166 5741 2935 954 1536
122
845 7330
2930 2104 867 9621
9705 160 1238 1936 1741
2493 2507 6245 226 3370
6853 539 1441
2604 6687 3419 846 8064
2267 6243 610 2397 4196 4419
2226 50
518 1340
3719 428 5290
5073 416 1337 1568 9325
15 1589 2973
1426 7791 428
4 4128 4452
3354 880 1682
4193 355
1109
3412 6485 452 2987
385 8656
3158 258 2787 4950 8389 4152 4496 9388
431 9946 8773
1319 895 5687
22 1857 1498 5917 2282
7397 4359 2545 4961 20
1602 1007
1162 989 3046
7478 242 1976
1394 1460 268 6525
9768 254 2443 4947 4369 5239
920 2567
1082 5355 1613
2655 1871 900
1204 1761 885
3111 1430 1708 9172 843
3275 889
5999 1034 2512 8478 2087 2851
9532 205 2430 7507 8273
960
1149 2164 8291
2326 666
468
4525 346
1777 1078 4724 2303
998 9402
3844 2339 29
940 1424
681
960 5589 4716 2646 8027
1651 1091 2611 2809
9506 2405 833 1315
1103 4033 7078
167 3467 5524
4291 54
1197 1825 751 1673
388
2675 1066 7826 4453
599 1720
7825 1444 594
2278 130 5768
380 7561
1381 51
4549 749
1911 2195 444
145 4090 1961
4699 3913 290 2355 9147 4706
622 2198 1411 3028
328 1413
966
8441 3780 1601 512
770 3224
1811 457
56 1386 4352
4897 433
1177 7900
6723 351
45 1385 7347
3672 1939 672 2274
649
4438 705 7699 2698
452 7657
1156 2196
698
344 1680
885
648
4158 458
580 2251 1491
2309 782 9282
61
8047 420
5581 4803 851 3758
398 3093 2222
8336 7007 541 6479
492
1317 1223 774
2425 1033
1629 2272 170 1342
699 4693 5360
656 1361 1225 1894 5014
1218
3083 884
1565 1222
617 1382
1048 1431
1853 220 9592 6403
850 4382 5391 4222
2327 393 7952
1115
66 5498 2556 5714 2610
4353 497 3057
749 8566
1310 2600 4302 34 1301 3840
5914 1653 340
5969 11 9061
8598 1126
3030 718
6646 1029 5401
2849 1917 990 8284 7888 5911
2418 2268 176 4125 2026
3886 504
1575 2789 9
102
195
5637 6669 4
5153 3416 142
811
3063 2236 1456 476
3216 608 4581 8685
6777 4154 229 4605
3230 3013 8516 2578 44
809 7734 4294 8459 1836
1745 366 8854
818 6672
8787 170
869 3162 4442
5305 1972 456
217 7799 1562 7064
1289 110
3843 2803 297
9083 51
7810 5574 66
2121 61
1794 1599 233 2131 5289
6232 920 6524 1561
414 8995 6933
8688 4659 3987 1674 3810 3937 363 3431 3277
2345 4766 949 1914 1468 6299
237
2310 973
6886 2172 352 9057 7654
6492 632
8891 51 1615 1579 1347
548
3171 403 1767
714 6324
8427 327
178 3022 1383
338
595 9337 3640 4989
906 2964
1490 705 6620
282
355
1097
7485 660
3123 1984 8150 1261 8144 8989 9169 5232 1744 2388 7069
4253 4429 1886 1027
67 3115 4122
2581 4413 3803 631
30
1735 4797 542 7707 9761 1427
334
553 3690
2440 7372 930
937 4320 5378
152 3289
2825 1900 8350 797 3912 6489
4069 1235 2497
2828 631 2898 4643 2354 7963
1330 2153 1025
1056 7017 2159 2603
565 1351
2477 7830 968 5671
1020 3173 3888
6950 6821 211
8872 328
2650 1235 2458
6874 9117 745
808 7377
3371 2516 1508 107
6132 252 6058 1665 3980
3446 2562 4448 1173
1581 396 3819
5756 3099 1218 4042
1840 735 9873
1145
4607 19 1607 3918
3691 8074 337 4627
4668 2015 2885 678
3029 3313 2503 2633 1010
841 2106
644 7926
79
7488 3104 2778 708 2022
1964 2099 922
1100 7541 1499
4027 1303 5114
66 4529
2563 359 3148 2168 2886
676
1030 8678
8034 2396 3330 601
5555 887
1134 4237
1786 422 3215 7394 8381 8118 4923
3738 5168 313 2833
1352 2231 1132
658
2017 1220
1031 9908 2075
2634 373
1626 857 7817 2761
649
1275
3452 558
913 2252
6336 4839 438 3959
5781 1779 1305
4215 1340
5061 2091 1069 2449
1866 9140 693 7310 3730 5797
2185 250 3823
5294 947
7905 553 4688
5087 605 1519
152
726
9198 6086 1222 8171
116
3722 758
7637 1998 5161 179
1635 1510 606 10000
850 4988
902
754 9510 2358 3322 1482
16 5949 2805
1089 2216 1951
1395 852 2990
1544 642 2120 8268
1960 1092 1750
6325 496 4060
490 2056 6065
4663 820 2304
171 8358 7623
7781 597 7992
608
2096 3363 471 1795
1184
2270 1226 4187
3461 2800 6619 7829 1280
571 5931 5303
6896 1199 2884
1195 3705 2083 3365
1962 4939 180 2113
9288 901 1873 9125
687 9531 5652
794 2055 7592 4537 3106 3632 2498
8000 80 8749
237
1069 6417
1151
1371 6244
316
1864 2287 345 1924
7139 784
2343 2982 2908 492 4210
4290 2907 145
302
454 5533 3964
3583 1851 2058 1039 3753
708
2686 394
1837 1071 1670
301
974 5276
643 2685 4685
3427 1530 284
1189
7994 641
6643 6889 2818 7752 2771 1190
1821 538
417 6932
432
585
1087 7590
470 2876
961 1817 8414 8323 2570
3580 2314 8067 5182 763 4915 3917
108 2985 5345
679
3560 1169
1045 1662
1136 5792 7567
4298 2064 1294
3246 4533 7159 811
3199 4932 648
9957 1785 1157 1532 6842
9173 1227
3146 3406 271 2105
138 1790
47
2290 900
8276 285
574 6163 2046
3114 947 3628 1487 3238
9509 9452 9701 1496 218
119 3588
9590 1752 7054 1128 4137
186 2227 4463 1999 1875 3469
6664 4411 405
3893 5077 1181
56
4678 548
3402 146
8982 1046
1473 1492 2042 524 2424
975 6699 7288
3627 565
1121 3308 2672
3607 1098
2248 120
1022
8711 1250
5804 5 5657 5831
188
7897 9052 588
3202 1151 2045 3077 2073 6233
572 1540 2331 1605 2276
4427 335 3366 1781 9033
6532 659 8932 2453
73 4189 3512
671
2501 244 2794
2509 463
2361 3032 1270
4062 7272 235
1058 5724
205
199
1449 4324 3657
727 4905 5647
7423 427 4603 9712
5599 198 2289
9205 508
907
1968 973 8209 6323
9210 4099 914 1906 9919 3228
443
5023 2703 2052 8631 2963 1368
317 5408 6918 3972
358 6942 6214
6771 1782 3927 3338 209 1868
8306 1082 1954
2162 1438
171 3646
4755 6531 211 1970
1284 2705 3594
9247 1210
2074 5025 1449
2920 740
8939 3035 863
3212 8948 2001 673
3490 1439 4385 1525 7622 4702
9469 278 2080
5706 1146
1876 1329
482
178 8648
1700 255
825
4070 2505 234 1763
772
190
1707 3184 2041 64
7210 2956 1313
2782 5335 7048 662
2438 3603 7898 3670 2645 1365 4056
343 6825 3711 5283
548 8574 1517
4826 164 8935
2038 833 3102
8767 216 3268
3818 3095 2626 87
1512
4239 2707 7232 2069 4802 2837 1915 816
1358
3638 101
405
226 9923
5755 492
2230 200 2308 2722
3828 6168 1496
572
1083 6075
65 8894
17 3290 6802
1410 1597 4553 6486
2177 594
1430 9183
2999 256
8264 765
262 5522
5320 1122 3925
193 5238
574 8654
464 2126 3155
1461 5689
179
1082 3877
9743 1069 6043 4978
1372 1638
7287 931 1729 1554
69 7587
7164 9306 85
220 2076
3658 2043 417
6368 306
1555 1722 221
1102 7920
3062 3182 1060
6044 3250 1545
1551 4838 7241 3315 4909 2587
352 2293
1787 290 7235 2607
4289 653
543 5894 4201 3679
1586 696 2729 2938 3291
1881 7018 1267
1260
402 3205 5005
2992 434
1225
883
453 4334 1820 4425
4415 2037 1134
2128 2715 1002 2888
1926 285
130
7766 3487 1796 480
201 9840
7726 53 2364 7518
4870 1244 6517
9045 2500 195
484 1716
1074
2117 2658 1275
3415 852 3626
1316 5990
641 9252
5296 1622 738 6381
669 8132 1760 9573 4146 3332
7765 828
7371 4051 3826 4087 1560
10
3342 3006 188 1656
1135 3609 2743
4361 4468 2439 463
243 2665 2207 7188
1052 1639
423 6312
1595 875
1594 2932 7906 9508
4157 631 2408
1676 1530 3161
47
1266 4028
8719 381 4996 9146 4138
3125 1813 2462 1192 2949
1148
2442 9834 6982 1121
1075 7769
3639 6402 1461 6917 2188
3229 1019
1320 3610
46 9767
2413 3510 1040 2193
6427 7605 859 8722 2642
3400 910
420 3105 2146 2757
4655 8698 1154
2294 2612 4375 282
5117 9582 4306 6778 1275 1717
9978 29
6216 2834 9842 235 3320 5194 7457
2792 3064 603 2371 1879
7208 595
667
7667 241 3960
1583 2483
1838 9707 2751 1036
3509 2445 791 5041
6071 514 6928 2262 3050 7872
1345
5549 115
461 3919 3454
1220 1959 2433
336 1878 5179
425
2823 475 5508
4889 7098 1884 4680 6388 3689 586
758 3195
1365 6667
237 4159 3058
40
8267 2122 6338 4420 1544
1592
648 2020 1901
4148 161
671
3273 1067 8380 2010
6617 5904 79 3387
2736 1946 1120 8760
6872 4498 5841 483
493 3564
657 4119
1663 1034
708 2491 9243
1172 6815
8862 279
1236 6630 3441 1688 8515
5996 273
252 5981 5075
1755 1588 8126
974
1036
79
976 6340 1723 4249
4691 198
1425 3214
1649 8292
6370 161 1980 4773
1314
507
8188 1941 2160 2464 3232 1106
397 7205
585 4725 1713 4593
4145 4551 2249 1406
4151 4786 967
2379 286
2163 1177
5004 1269 9981 7583 3466
2404 765
1597
399 8157
8639 586
566
9886 1206
364 8201
3796 3693 1138
853
8499 319 3934
9479 1973 727
147
703 1942 3982 2745
1653 3023 3515
410
798 4962
75 9248 7136
2402 3548 776 4631
234 1975 2253 9505
4616 3737 1065
1996 142 2118 5656
191 3784 2261
36
157
7738 3897 350 3505
4545 1502 3285 1945 5875
2109 537 5231 2238
3352 57 2531
2275 81
905 3444
8882 424 2145
6199 4409 2970 187
1507 9267 3845 2156
5956 5583 5566 1157
1710 1073
1709 2348
571 4812
1883 9695 107
3053 6584 1669
958 5315 7696 2770
6018 3683 7559 717
1577
5754 1615
6048 681
3198 38 7092
1180 2936 3582 3714
432 5193 3766 3234
3380 2244 1551 2544 9696
3420 7718 1660 9425
1726 6537 32
73
1724 2132 9191
5395 7703 1000
2577 636
1545
521 4299 2546
419 2119
6510 3414 14 6700
246 3346
1067
1294 3899 3026 7273
3915 767 4404 3559
871 1759 2369 4058 2093
836 6826
5 2392 8578
158
1910 7427 1126
713 4433
2035 1895 466
1289
1255
848
4809 3270 4938 5116 211
876 3630 3511 2279 4240 7730
8024 5211 6806 2447 587
3514 2755 1373
3585 90 3451
2197 1441
9412 13
1819 2867 6750 8098 466
6313 1656
302 3237
13 5558
4030 3181 740
1737 7169 4020
1584 9174 4692
1156
8975 6201 1025
1504 5688 2899
415 3492
5837 2514 346 3121
538 8852
1277 2572
6563 792
758 8119
5012 1810 3113 3179 474 3426
836
7174 1060
2725 9684 352 6914
244
1034
5517 538
1166 1808
232 4091
1351
926 2247 8045
4314 5625 1462
1485
3557 441 9199 5376 1789
6188 779 9566 5834
3660 1430 6907 3636
3864 1338 3358
1557 2709 9969 5235 5471
4800 3471 499 1841
2533 2078 1783
9316 3147 6755 1433
1897 8271 1001
4760 371
807
4430 1266 3096
3895 5913 1380
5188 3608 2862 1572 5262
4110 3665 151
72
7664 8261 975 2147 1829
4594 233
5886 4414 2095 843
680 2201
1927 564
4218 67 1815
3163 9442 643
86 2951
9078 296
8859 3979 6400 6467 1777
5039 3329 7437 4701 1064
1770 6627
3186 1194 5413 2476 2954
954 4084 3935
3991 9179 1601
3976 8327 7651 945
1862 1804
802
1420 8163
2801 210 1965
7969 1754
2717 4483 1567 3141
1414
1940 6303 8373 26
1882 2904 773
1986 2812 54 3457
3483 7192 1177
220
4088 1082 6887
4943 140 3743
1799
368
8246 486 3126
3817 749 5221 6671 7056
6490 281 3484 5948
1036 7887 3538
2670 656
2259 2061 1254 3669
1406 2480 5406 6971 2700 2398
1623
8940 9389 9821 457
1318
1788
5249 3968 3156 3293 1100 2341
6446 912
637
2256 5300 2123 3464 8227 577 2463
5001 4000 231
6929 3685 246 5029
794
698 3298
2666 6840 119 4912
1403 5423
1978 5164 886
1228 6269
283 4913
49 2534
921 8812
4296 1146 3463
1080 7282
6113 907
673 6553
331 5588 3799
1815 2285 3725 3061
620 2311
1397 2390
3833 523
1354
662
9628 2916 1485
3779 1048 8713 7575
2663 4351 1053
1155 6361
6379 6104 709
1388 5713
662
1442
2400 1499
652 2094
1630
2495 1618
1059 2615
8362 1561 1929 2167
1823 3720 3071
3847 1712
1991 1633
4424 3142 993
1290 4191
96 2796 1971
6300 2283 61 3143
6744 604
770
4562 178 5035
593
463 4569
7721 8723 1222 7386
1743 4457 9096
8841 9384 985 2780
1791 3255 4254 3408
25 3378
7681 686
1300
9863 8512 1640 2848
97 3776 3955 3735
441 8638
484 6639
5832 1949 275 8682 3049
1480
3433 7586 364
27
2879 656
4423 1741
1186
5662 40
3727 967 3124
1270 2428 2472 4273
1518
344 2265 8568
9190 4538 1241 3368 7296
32 3189 4955
3127 2149 894 2376 5814
4511 454 9000
580 2730
7715 558 2741
6008 5510 3527 3150 1987 4037 864 4074
7719 3442 5867 2401 2654 1397
8556 868 3645
1931 5132 1570 2246 6586
1803 7029
94 2740
9779 1881 4828
2127 2961 5497 2775 504
1926 8092 2182 3401 2926 4916
4977 1064 4710
8043 1979 540
2328 2679 4696 811
7384 5627 744
1126 8839
3458 5104 491 1993
1068
1200 2511
1822 6941 2857 9152
1667
3266 1687 2307
3039 950
2793 3637 56
1700
1645 3806 9640 9614 4490
3067 242 4548 7775
4666 1105 3208 3887
2315 1905 4117
783 4098 2018 2169
9644 1370 4216
936 4597 7601
8232 281
6658 5501 1486 2023
58 3507
3398 839 3824
623
692 9848 4860 4203
1629
1373 4259 6286 2593 6980
2209 2944 1187 2865
4703 2110 1387 4635
6224 498 7196
1328 9752
2832 1818
4396 2325 132
392
1479 3425 3190 2561
9448 977 3084
7202 1489 4080
2284 1887
4443 1259
7577 5047 1685 7499
116
6804 1693
3262 1150
2053 305 2702
1852 7806
1933
4330 1664
530 8902
2635 201 5523
2958 3930 3770 704
1289
240 3242 2674
1824
6761 4045 1923 4520
5081 312
160
2194 884
6341 1884 5658 5177
2490 7203 958
6365 3740 9526 1937
2383 351 6706
6515 3135 366
1695 7915
837 3220 3599
1364
2887 9367 1442
430 2836 4556
2130 2974 1495
863 3798
727 5699
6236 830
498
28
560
7009 7367 546 2882
7452 334 2492
1643
1011 3662
608 2419
499
2363 2391 677 6262
1322 5855 3481
626
1342 3901
3404 1950 4660
909
1640 8724 9336
4980 8586 836 8437 3497
4364 1327
4541 3074 6410 2221 5065 1954
5696 314
7429 448
7785 9823 1242
4488 513 2638
5997 222
4708 562
5992 946
1115
235
271
9414 7033 1041
1743
853
1568 2324 4120
1514 8755 4466
13 5321
106 6884 3546 3541 2632 2089
4559 1507
4475 4139 1449
1549
1090 9171
1460
1437
4459 538 5718
665 3284
4308 7737 951
357 4775 2502
2124 1018
7871 1482
1977
774 5791 5106
2296 1390 3587 3642 6120
1375 4005 2347
870
1403 3615
236
9455 307
1836 3903
4654 761
4805 1095
1427
4071 2724 997 3429 9001
2186 3890 4067 8585 638 9979
564
3 2957 3180 6290
6353 1518 3447
537 9581 2733
5314 60 3681 2158
921
1460
1492
8286 1343
2321 2292 1548
876
3076 1789
519
1497 7396 2344
7116 514
555 3567
1386 2873
84 3643
2352 100 6307
3706 1004 2224
3598 1159
273 3543
6098 8058 2040
3661 2641 2220 5809 274
1353
741
8879 1737
4596 2393 1877 4036 2682
1801
1380
192 3811
299
1328 2317
828 3777
992
2446 1106 4363 4583 5469
1036
3301 6591 2286 1125 4482
2568 1432
4530 3379 1324 6159
324
294 2411
1701
3254 8761 1962
3034 646 2154 3385
1034 5735 3345 7280
9557 1387
3439 5871 757
2218 7465 928 4841
977 2181
1579 4718 3391 6919
1695
5496 1731 2903
3873 1372
6447 2365 1265
1638 8158 2858
1845 2749 3133
2281 9800 2051
3223 6731 786 7802 8552
1539
1930 9399 2366
1569 3716
2656 3410 108
3870 2001 6308 4391 7079
3724 1266 4109 7855
1726 2470
706
889 3860
2890 789
5938 534 2362
7087 238 3169 9711
242
4311 414 2242
5330 908
935
5477 106
6063 363
6803 586
8016 2532 1705
7975 8248 2205 1612
5151 1799 2350
5026 667 6295
2779 1919 3688
749
858
797
8452 1303
2111 4742 7743 7648
810 3375 3655
3488 2628 1707
534 7158 7458
2896 7253 2071
5874 2623 2332 8403 1304 2737
1667
824
1487 2592 5243 6538
5322 1673
1162
2763 398
1122 6841 4365
4421 2727 1881
2540 1332
4232 1950
996 6552 7801
2769 790 3159 2526
1273 3233
619 5494
768 6375
8015 893 6715 5340 3306 4225
262 6480
8385 1531
2255 5655 4612 247 3641
7231 67
3750 517
2116
9522 1931
156 4731
157 4563 2868 2597
1355 8531 4585
7400 2066 8160 5509
611 3910
1605
420 4900
1064 2831 2535 8847
5150 802 3745
586 6107
1609
4263 1990
1186 9514
6906 1204
1752 3314 4568
3673 1189 6871 4292
5251 143
623 9547 4229 2375
7299 1802
465
9895 894
2620 1099 4626 2313 3353
5200 3878 2146
2877 486 3042
7754 1591
3773 885
3294 5241 1961
674
940
820 2543
75 2357 7593 4096
3059 6848 10 9020
243 7422
1370 8009
12 5366 4602
2115 4039 2349
624 4532
2090
2023
3078 1215
3763 3593 267
6922 2744 2086
533 5739
1131
1442 3596 5003
874 6718
396
7077 1524 9256
1340 2450
849 5135
3489 301 2254
2452 267
7260 995
1250 4956
702 9984
1701
512
8296 2542 4
718
6100 2139
6564 6395 799 5103
1722
3153 534 2719
4898 4831 1926
1780
2406 1454 4268
8106 1670
220 9208
5892 1210 5640
9447 1349
4493 2856 2573 1693 2977
3272 9760 2233
2178 4781 5278
1845 6943 4850 9774
610 6253
718
1836 3954 4188 4379
8498 4211 6334 643
9279 1696
6320 1625
7733 3485 9617 415
8407 3350 847
1916 5641 3644
849 7573
1130
9902 1242 5429
793
4153 1382
297
3280 7589 1220
370
3024 1200
1703 2653 5528
1461
3000 115 6979 9646
1182 8071 2841
1748 8223
716 3556 5695
2124 9476
1146
8179 1888
1971 3351
1862 3373 4895 2630
4936 3904 2104
1397 9127 9936 3321
884 7494
1476
1435 6482 2972 4480 3110 3319
845 2906 2980
4965 7819 2076
1556
1614 4195 2912 4402
717
2055 4192 8959
8066 65 5279 3092 4512
1061
7061 3565 144 2875
788 4575
3257 5149 172
4587 489
4661 3302 1166
1376 5901
228
506 2356
4990 5979 2996 1942 5338
6642 1524
3839 1211 2380 6530
3116 1272 9009 3462
6539 1863
815 4343 2754
2517 2204
1421 5870 6211 5332
3999 1949
3119 1110
2099
4217 9709 6986 77 3045 3399
679 6673 4815
2892 395 3518 8002
4383 2076 4064 8822
6172 6406 4327 5585 466
7189 337 5336
2456 2037 7627
2399 1966
1163
1230
1934
2454 3950 1120 3087
560 2342
1461 8635 7580 2547
2159 4946
188 3073
2465 3082 963
677 2742
6276 9212 591 6158
815 8318
6605 628
1168
9211 2905 891
4906 6628 1842
3983 6029 2330 2826
1399
4160 2080
1270 3676
331
9504 2056 6823
1710 7698 4925
2218
2147
3036 2549 418
2085
3569 449
1302 7959 4873
1188
3134 3188 2306
5213 2213 6831
6006 1368 3708
7463 49
846 5481
1468 2508
9756 2136 6934
4437 2014
1574
4178 2121 6789 8399
4175 3070 3624 2127
2368 3622 397
2367 9854
9289 3109 1737
8818 7313 3209 378
4920 1618
317 6562
1079
604 2586
2200
2621 1919
2486 626
1026
1672 8028 5972
5091 2309 3494
56
291
4743 1994 5092
535
6719 3211 5601 384
840
2678 165
4018 8897 1289
682 3532
2976 8517 1864 3529
6610 2014
1739
2094 2614
7833 875 8316 5381 3765 5467 6184
3103 2519 7511 1003
2571 8129 1335 3612
1130 3377
1837
2325 7483 2943 2693 5772 3986
1876 5134 6883
9322 1924
1692 6860 4329
124
1675 5473
1173
2248 4021
6371 933
1596
4116 9782 132
822 4184 8817
3830 6813 2108 7776
3027 366
4384 1609 3501
4235 292
1031 3393
3958 719
1042
1242 4321
9437 2012
497
805 5811
3863 491
156 7446 4546 4168 5246 3581
4333 1449
1219
489
597
3267 3652 1914 4144 5379
3480 769
3947 2660 2817 1160
5833 3504 550 2606
5794 497 9433
1629 6152 4059
3802 215
2950 4204 979
5770 8751 379
3611 51 7571
1510 5108
1590
1297 4331
505 6832
1603 4017 3101 2680
1152
9577 708 4974
5967 1624 3994 8406
2102 4136 6784 8791
7725 1749 4207
563
1353
3066 2231 9813
905
2234
1463 6747 6318
2329 8875
280
2324 8117
663 3128
3248 1310 9698
8762 6228 57
3613 49
38 8214
1601
3080 9638 1845
7030 1667 4518
2334
2616 577
7276 603 3117 3075 3154
1055 7540
876 7641
8896 4031 2664 2132
747 5055
1914
333
168
78 4771 3561
1811
1306 9166 9803
3187 520
8304 792
1837 7706
3297 5327 587
2644 223
1622
6167 2688 2781 283 4287
934
2377 4221 7285
602
385
6599 5097 6407 73
1992 3544
4374 2515 8683 1650
2009
1127 3675
3477 3597 655
1879 7148
340
9596 1301
1390
643
1576 3540
1466
2050
2677 1323 2712
8684 2756 6938 939 6319 5084 3201
3948 1504
5590 7443 7523 662 6448
4149 1127 8532
3606 2361
1467
7606 512 8146
6703 4845 1939
1159 3239
144 7106 5402
1765
5190 2491 9551
1313
9805 2313
520 3764
2395
1045 2579
7652 6283 579
61 6656 5916
3418 890
357
616
2993 2171
1113 5036 8909 2860 5820 7059
9656 9507 7473 4858 475
112
1039 4528 4761 4924
3825 1702
4038 2145
1789 4011
7226 1855 7506
2190
85 8514
2931 6052 7100 462
65
3933 526
2168
4504 180
3882 2240
5054 3936 2212
4842 1722
1147
7797 1730
3048 3572 2331
6103 4707 9835 682
3197 2351 4212
3855 511
542 3686
2605 751
314 3326
7616 74
523 3703 6288
1232
3136 101 2772 6069
337
860 9275
5844 502
5361 3816 8398 1968
3409 1315
1332 4917 6606
5734 3374 932 2866
2998 709
8857 3164 493
1153 2582
2881 2105 3060
443
1420
2396
2900 1767
2253
5676 302
2785 3413 321
767 4645
1728 4847
7958 1253 4863 4801
5675 2520
1001 6091
1292
8710 2567 7550 4615 6435
869 2723 4167
205
349
7846 4503 2374 3869
6720 3219 1555
721
4485 584 6748 4747
3460 6289 6144 992
898 3482 6080
2162 4469 5575 4684
6800 3506 5550 1960
2602 2704 673
842 5329
310 6869
2184
2989 4618 87
5816 9024 1084
1235 3493 2911
5207 472
8541 2594 9330
5098 3403 4209 4516 1304
1129 7191
8135 2552 5603 3898 4890 7445
9273 2431 4401
1557 8464 8969
3218 2689 259
9207 6010 4749 487
4971 1232
1172 2978
1614
9185 445
2393
3717 2776 1880
3405 2466
7290 5424 7809 697 4784
6946 422
7176 1046
2204 9520 7043
2376
227
5777 5034 2159 2661 3978
695 5995 5113 9824
3577 412
1516 8771 8226 3531
404 4719
2156 3668
7180 305
2285
7547 850
5186 2040 6966
1323 3191
1344
1982 2840 6264
9456 594 9814
720 7031
5682 2027
352 3364 4738 7934
884
5058 7338 2090
6851 1610
632 2871
2482 2738 4656
1510
1171
111 9901
8597 413
949
1310 8396
4527 12
785 3236 3961 6258
2275 5248 4455
4053 1924
1155 6042
2129
75
1579 3003
644
2430 4948
3521 2623
2765 628
1870 5254 7108
2470 4834
1591
1850
3768 8530 893 8072
9498 5733 1055
644
1835 4555 4650 3909
405
1452
15
1985 8539
1179 4354
1098 3157 8454
2503 9213 4356
5785 2387
2864 6763 1934
2442
8537 907
8125 2094
3310 851 4921
401 7901
3428 1409 6034
2711 3449 1405
916
2484
2608 5442 8781
8020 79
724
3305 3503 962
2399 9417
6518 808
1076
167 5304
241
9258 8440 1202
784
5899 1837
2933 963
1977 4891
1482
7395 2594
1490 2820
912
1518
833 8364
5162 1787
3207 4278 395
2686
2503
1068
1104 5468 3152
9500 1569 3856
1041
1820
8768 319 5267 4885 8133
9272 4054 2245
10
181
4768 6362 5582 1524
4386 2583 9830 7039
2065
1773
6185 227
4272 3566 2167
6507 5237 760
5286 7057 1560
4832 1921
325 3090 6983
3038 285
2070
7493 664 3881 5505
3526 320 2813
1645 6032 3040
4997 2159
2644
714
4368 1928
1922
3787 2335
7068 3192 1589
2224
2874 1687
682 8249 7525 6561
13 4441
4131 389
2123
4910 326
1623 6149 2790
5208 1113
448 6725
6660 4736 3834 2312 3282
8691 1750
2504
4010 1612
4022 269 6972
755
515
1345 6702 9497
709
2165
3088 531
2662 3966
227 5950
270 2947 9844 9474
8562 2824 834
2171 3473 9428 5580
1714 2937
4481 1413
2557 6814 5176
6329 920
933
9132 3651 1930
8699 2615
587
7370 1327 3001
3145 2149
6223 3317 1896
2484
1509 7853
7827 1083 3848
1037 9263
2575 9292
698 3574 6453
1143
466
3204 5446 1244
4510 2924 2751
7735 146 2913 4633
7941 1618
1944
8435 3086 1466
8501 3879 440
3859 1887 4665
546 4952 5214
499 2959 7484
481 3595
6469 1383
1818 4674 4859
5033 913
1262
5866 288
1369
9641 4285 7742 252
715
491 6881 3122
4422 1172
748
108
9154 1824 8945
5371 2735
8803 970
5815 6882 188 9490
3037 5597 565
5677 2430 9576 8786
6692 8843 1413
317
4953 4868 2705
3311 341 3771
351 3995 3007 4486
1632 9079
2768 3271
4397 1300
2342 4029
1081
1302 5864
499
9347 4032 611 5824
7005 2190 2853 5170 4857 3496 6685
1965
3165 1339 5617
8984 1617
469 6816
2000
1518
3704 87 6352 7264
867
2635 7171 7248
2278
9799 1118 6414
183 3343
9404 469
841 4969
7356 179 7491 4408 7305
1107
8674 4050 3883 6451 1901
1241 5019
697
1159
335 7289 9285
2831
105
768
2253 6238
6663 1940
2122 4208 2902
6
2527
338
1796 5935
5586 660
3694 2679
9110 1961
2564 9615
1754 9257 2986 8162
2184 5619
6805 6062 230
8522 20
3394 4142 2643 4047
866 4008
4102 2083
2745 7161 6730
2299 3921 6114
1419
2206
695 7693 9874
1909 3210
8692 493
2568
2008
5922 925
1385
3276 1322
7380 7047 1332
1999 2984
1569 5309 6265
936
2135 8536
855 3648
2320 7319
6178 7410 222
8594 461 3623
763
2158 2921 5178
781
1302
5909 1763
5538 2572
835 9405 2981
7134 2858
4470 7756 5725 2119
1823
2340 4629 3634
2291 5885
3144 1400
6072 1399
4790 85
3055 1082
6696 5240 2600
7179 3369 2294 5228
3699 2791 6526
9376 5653 564 3138
1037 6640 9503 7728
6443 4894 1868
841 4491
571 4713 3303
3312 399 3227 8007
1493 9714 4089
5313 3785 2896
7848 8208 1008
676
2790 7045
4247 694
9682 1931
453 4202
3761 3793 5384 387
3072 934 5351
1125 5552
5819 3252 2537
8826 4958 1595 5042 8621 3969
2701
4044 566
9346 1122
5623 7245 1720
4928 8410 5448 2770
1560
8
1098 4513
778
917
5085 2399
3056 8259 1961
550
541
2767 9666
720
6521 1601
2435
4778 1806
8466 895
5011 739
3555 6508 4986 5803 1811
385
8161 5898 1508
2068
1983 5071 5425 4636 4869
2798 5067
427 4987 6165
1930 6693
5667 23 7503 4281
1482 6212 8453
1283 4976 7263
205 3821 9394
890 7850
134 8384
4564 630
5952 3177 954
5570 6474 1706
4682 329 5631 5726
2290
1135
3307 2001 4765
4214 7650 3486 3168 459
2390 5923 6373 7978
2253 9071
2611
5983 7749 989
9259 6952 2291
3437 2901 3217
9748 1399 4814
599 6422
7884 3678 3448 2887
4649 1422
8050 2867 4641 8905
1141
483
2598 4181
1371
368
1564
2526 3383
550
132
2307
6707 8
2565 5876
8315 1533
8636 2277 8192 5531
2778 4350
841 6108 4774 7702
2658 8705 6675
6092 4083 3539 231 6413
417
1588
4798 2822
3931 620 4769
1005 8199
7
968
960
1253 4806
3120 863 9439 6937
4077 236
320
5440 5745 788 3792
9290 331
9610 1071 5255
9730 599
925
8758 3942 1280
5245 1688
2274 7669
533 4341 8608 8629
1735 5316
2412
1189 4085
1323 6311
1239
676
5307 1468
519
2111 3331
4373 5778 1494
3288 2351
2816
2732
1943 4796
2736
736 6713 6101
7727 9893 2206
61
4377 75 5032 6634
2318
1149
8256 592
2547 9828 8764
3680 1905
3348 6021 1625
3970 4078 416
3905 600 4646
1713 6542
6835 684
2910 5310
2944 5410
1233
9156 1636
2214 7124
5109 5843 2568
4318 1862
1553
3542 1250
1618
871
2450 4309
1947
762 8906
9112 345
2366 3692
1882
5431 2929 5835
2333 3206
2023
7070 2467 7075
2078 9049
6949 1460
4280 6678 6504 2222
781
2463
210 3547 4150 3707
5128 6716 2334
1224
9583 1969
4234 353 5629
7932 4792 4848 2794 3160
5593 6741 3786 7233 2329
2764 3091
5291 31
3388 2731
4837 3088
5882 2297
1215
1066
3744 1516
1794
8999 538 5878 5022 4673
474 8666 9189 7020
3842 1317
5201 79
2442
6409 5060 9348 1514
2395
1327 5452 7788
9194 1612
1390 8660 9202 5567
7333 593
6927 116
2369 7072
8924 2290
1157 4141
7295 3712 343
1770
1438 9379 3664
4843 1291
2310 6791
2467
581
3174 2316 9260
3014 3891
8165 1765
8709 2808
1289 3367 6960
8783 4854 3775 1913 8770
1601
8107 1831
1919 3659
2457
1096
462
6649 996
536 9430
2123
2356
1995
2557 7927
584 5138
2914
6473 252
969
1820
6998 4014 1885
1888
2907
2779
1432 6182 3617
1790 6128
1332
288 8604
1923 4392 3498 6112
5292 4134 684
6523 3438 4380 2714
2245 8920
2467
6115 1539
1842 4810
6648 2676
1143 7764 7773 5799 4808
3814 2171
3086
1597 5224
1258 7388
4295 1805 7066 3491
6632 3251 2566 8213
2833 6528 4864
730 3349
4720 34
3337 2975
2137 3945
4101 66 3226
1277 8033 5888 9161
1035 5503
1307 4825
6121 3119
676 6701 7403
3537 161 3800
3584 2969
4226 5504 12
5607 3985 3550 1770
2068 7392
1758 5557
1553 8086 6428
5133 467
1507
1048
1811
2478 4865
2356 4046
4577 1918
5284 3573 1968
4270 4628 2633
2743
6440 448
945 4519
1634 4998 3911
104
2549
1719
1429 7359
582 5822
9548 2504
1460 9008
167
2789
1563 9883 4610
8494 3073 3600 9398
2710 8997
3924 1948
2370
2879 7455
2385
1495 5285
765
9642 3874 7621 1662
1338
1251 8742
9215 2981
2608
7912 7831 2587 4394
3589 1997
3421 5172 540 9528 4767
3837 8042 416 4521
2125 7891 4507 5272
3902 5500 1193
442
3170 7325
2919 3756 5222
8413 1480
1606 5973 6002
1253 5573 6614
687
1667 7351
9909 2172
1721
340
7000 2652 4979 5146 7270
7638 1756
6078 5261 4573 1438
3553 2512 5399
4043 9996 557
1039 8497
1985
4479 263
5551 5083 4648 799
485
1428 6796
207 5678 9006 6102
3920 2458 3549
881
1554
3164 4550
2931
44
2110 8109
9950 5650 1897
422
3263 2301 3900 7150
3841 704 7413
688
1099
64
4981 1976
3257 4260
274 3344
495 5021 5690
1942 4100
2428 4305
1515 7040
808 3465
5720 3304 1747 5953 3355
2824
2254 7687 9344 7527
1643
949
1158 4667
2885
4817 1269
5863 6129 500
392 4531
2272 6257 4893 9318
976 4625
2754
74
2048
1700 4599
5372 316 5810
43
3036
4015 3953 1299
1529 4012
8754 5568 1560
412
1842
2209
3938 5069 98 5707
1120 7041 9352
2481 7913 3805
6801 1849
1100
7477 314 4975
2104
2303
5295 4883 2918
7166 3270
2692
3922 2175 5937
2974 7760 8475 4652
1452
4230 4497 428
2683 8069
2821
2919 4582 4816
1323
2197
5333 1555
9524 4161 700
3778 2780 6984
5270 1104 3757
2290
1617
8338 2287
3578 1368
5977 9360 5269 8973 942
3631 9704 316 7607
4337 99 3616
2553 3334 9947
343
3450 651 7929
6615 8528 1809 6219
8590 1335
6604 3034
1584
7613 3695 561
3326
328 4338 7326
45 7269
3168
1485
3908 904
4727 591
111 8606
1588 5896 8422
5728 2843
3264
6025 2112
5050 1733 6073
7692 328 5610
3050 7223 5112 3747 6855
5364 3990 3166
2264
5079 4223 2284 6478
1702 3468 5184
7626 2204
1138
3270
1098
8136 234 5638 3754
3523 8457 9922 3635 9423 1786
989 6001
9358 5889 6012 212
421
1055
4547 1380
5666 2639 7656
5015 1386
1462
3123 7113 3923
1917
8717 2912
1127
1313
73
6131 2285 9468
2564
2155
7552 476
2397
1898
2106
1722
336
531 8677 4690
9068 2993
4780 5807 514
2111
809
4748 1644
3090
5456 9408 485 6540
186
6038 2117
909 9856
2415
2871
436 6225
823
20 5439 6668
1956 6999
6331 2318
5434 1611 5293
3865 4730 1931
1447 4984
2603
2018 4376 7529
2616
1432
4267 9982 776
1897 7283
2562
2129
3653 3731 842
1141 4265
2575 8270 6689
1732 9241
1580 6222 4824
1248
534
2523 9037
7551 1129 8257 8954
1723
3221
4763 3478 38
106 9815
1076
1968 9735
6861 7679 7967 1770
1410 5268
2685 7111 6622
5470 2065
8356 538
1269
399
1907 4412 5661
879
523 5789
1085
7986 2981 6046
3152 4919
2114 7720 4619
8388 1013 4820
1653 4502
1924 8349
6270 515
1704 9555
3590 1104 5514
1315 6970
5788 2069
2984 7109
6268 6143 2686
4147 3328 6621 6680
1751
1348
94
3748 1628
3751 262
399 6374
4791 3554 1824
1937 9757
112
2590 3734 4515 4406
1383
2310 5604
9788 7362 1857
1845 4714
3269
9229 1674
1175 4347 5418
9312 3352
1442 4536
65
1788 4019 5925 6209
619
5157 2769
4995 292
1040
544 9138
2494
3422 6455 7255 7173 3762
745
2429
8725 4658 5757 2015
5595 4697 2591 8174 6438
1825
9587 1833
2263 3846
2975
1572
2156 5692
2233 6193 3500
1496 6377 8105
8040 3163 5763
4779 1764
2600 6766
5758 2380
330
2831 4283
2021
3150
1019 9338 4787
3489
6394 2413 3926 7448
9540 3579 844
2692
7877 2431 4670 8430
1699
2593 4001
3749 1955
7138 623
9091 1624
1609 7284
1748 3525
4931 1464
850
1750 4231
9872 1688
72
9421 8974 637
2320
298
164
2661 9890
591 4002
4523 3358
56 8245
5080 3511
2735
1923
910 3835 4124
5966 2390 8675
5288 5681 305 5070 5615
4926 2626
6589 2389
552
652 9882
647 8842 4360
167
3176 7374
1834
4866 3004
5639 2500
5234 2040
9690 3063
6415 2088
2490
1033
2040
4346 3081 8795 4896
1692
3248
3179 4133
3854 44 6036 6901
437
3239 9937
6164 3457
4066 2954 6142 8141
2280 4681
1783 4966
8065 9304 5459 8716 23 5543
1736 5620
7534 1424 6733
2475 5127
337 8815
38
5723 1647 4729
2299
2727
8827 7230 2082
4833 999 9485
2353 3957 5912
855 6641 6160 6074
5252 148
5171 4097 4509 2547
3190
2786
559
7998 495 6033
4580 6039 2625
4827 4586 4478 3322 4772
9517 3502
1421 4793 4325
5553 2423
1720
1403 6079
7789 3177
9477 1751
6477 4 9246 5729
2055
4348 1440 4049
3220 3772
3445 3697
371 6019
5325 8404 840
6772 5142 2223
1490 3774
2799
2227 4642
2494
2087 6987
1997
3206 9436
1065
3906 3715 581
4155 1510 5895
961
6076 1113
2508 6993
1453 3884
1796
5929 1589 6948 5057
8703 8103 1607
2437
2396
2460
6847 7006 500
4579 5765 5342 2058
3325
7558 3146 7705
130 5971 7874 5694 6309
597 6339
6246 6094 319
5337 7460 101
6181 2367
6541 7981 2894
4068 2366
287 7063
1580
1451 5518
1438 6565
4458 1084
1748 8057 8931 7177 4949
7086 3324 9769 5076 6721
9755 8655 1390
4166 5793 942
4312 5684 2905
3358
9945 1785
6836 7660 1944
1520
1605
6496 1282
8502 2178 9084
2055 8172
2084 3838
2265
6516 1925
4371 1488
8800 630 3820
2891
9758 6975 9499 274 4822
617
2775 9489
2428 9176
4269 3411
281
2155
7803 5865 1008
1473
5086 1549
3127
1785
9906 2090 7318
2011
4578 1072
7382 3114
1797
8368 221
5715 222
2628
6050 1836
6543 1510
435 4522
1200
6609 2198 8115
5679 574 8205 7155 9036
2493
2345
285 7614 4632
2984 9088 7878
3973 8676 1559
4723 3049
5129 2071 8571
352 5940
7532 1715
1110
1847 5189
4993 2551
902 3794 4108
2149
8030 1633
1296
1321
5218 8977 3070 9121
1682
2864
4439 3333
69 6576
3590
147 6902
2913 4418
474 9255 4591
8776 458 5412
170
2555
2838 6633
1386 9871
2086 4041
5890 3081
2358 4991
5934 8012 1108 6449
887 3998 8883
1511 4565
9643 3112
1024 5783
5534 5144 1720
9870 3602
4023 2128
2615 6221
356
4951 9131 4609 1133
1882 7710 4436 5472
1060
1363
787
8096 2131
1862
731
1913
591 7604
67 9254
1354 7049
3411 5154
259 9727
5622 684
3460 4164 5877
1902
895
7474 1694
1339 7244
641
1993
264
9822 670 4238
1828
3095
2191
264
3348
5988 6925 7436 3454
3507 5045
2180 4606
3455
9331 302
1403
3357
7193 143
3227 5479
3318
1214
9222 1111
730
2928 4544
4073 3478 8589
7603 2223
7323 2518
9349 2394
1721
964 6229
2667 7130
883 8183 5659 5198
1983 6004
5564 2821
3589
6464 2208 9554
8433 3594
3124
1902
4076 7321 2100
3317 9046 6735
4395 1869
8395 1192 4756
195 3916
761
882
1696 4205 6127 9066
2921
3087 6087
2742 6263 4733 9971
702
959 4190
4344 412
3962 9454 818
3017
2928
3687
379
6162 1682 7514
166
2002
7216 8814 1861
6891 9370 3176
1046
2434
1292
1102
4416 3981 3297
1946
4462 5767 451
98 4744
9597 448 6676 9056
5965 1269 9985 5749
2097
451
4700 889
3159
55
2561
1832 4405
1516 7835
3876 1316
4558 3647
9081 2965
1025
9553 5120 1355
1956
2531
7357 1586 5930
761 5010 6709
1525 8967
921 9543
2411
4589 9989 7
186 6790
1865 7001
5048 9853 6328 2754
5210 4055 3528
728
3222
3977 3643
2309
6014 6592 8870 5105 1235
3258 9697
3099
1262 7256 5110 7459 5053
1168
4653 1707 9242
3485
1883 5722 5891 9795 8491
2783
600 7152 5072
525
879 6133
45
7974 850 5572 6819 9440
5400 3551 3956 7962 6653 4426
2550 4262
9345 2715
8372 4016 8463 254
498
2796 9453 4907
2134
8195 542
6393 455
2422
1786 9657 6585
3401
3880 3929 114 4251 4892 7207
889
401
4127 2586
2130 3952
470 4620
5742 523
2120
7677 3214
5414 9164 824
3819
1542
2205
9726 2795
3866
7133 2734
2542 9559
2848
5392 3607
989
1243
8311 1948
6166 1307
477
2066
3120
278
1444
5520 951
1795 4598
981
1699 6315
4739 2605
1735
4584 3257
2017
3224 8863 7217
2061
2286
3052 7472
3602
245
3339
2670
2187 6383
3195
1300 5648
1188
305 6277
1736
7961 4877 4875 3781 4179 6177
4315 1421
4500 1320
1628 8992
3248
8986 5848 2875
3306 5444
8904 3367
3208
6041 1536
5454 3501
1485 6387 4554
2
3866 4617
1983 9494
3008 7461 8647
601 7948 6256
2539
5137 1684 7515
1812
2543
4783 1269 5569
3295
921
43
488
3022
993
458 8274
9359 3169
9786 152
2430
2505 7038
230
2329 7243 7755 4758
942
3870
8540 3289 4274
2259
1902 5846
3854
3569 6064
2416
1350
1621
2652
9175 3791
461 4542
7779 5769 1402
4881 5066 38
2765
421 4460
1842
5078 4111 2932
3051
862
1483
3679 8055
9101 5082 319
85 9296
1814
3838 7876
6254 2623 8061
1808 5466 5102
1314 9245
3805
1687
2342
7084 6
3179
5173 2399
1269 4590
4887 817 5206
413 5521
3349
1813
905
964 8287
9119 2445 5873 4819
2822 6989 8784 5976
268 4715
1024
8484 6873 3710
2315 4310
1846
3506
4183 3522
769
445 4194
2056 4114
504
875
9355 5565 2872
4449 45
2757
6953 2533
6110 3290
402
3142
7025 3289
3857
8328 2442
2388 9679
3471
5275 1759
2406
2758 4048
3716
32 4434 4227
1092 8733 9102
4390 563 8864
1330
4623 9857 1599
5063 6344 8799 2826
4835 1758
5038 2470 4233
2830
4624 5409 1174
374
5613 407
2094
1923
6799 2532 5908
4535 8769 2218
508
9238 5626 6196 3706 4933
8609 1317
3240 4094
2934 5817
1987 5343 5403 4782
9897 3188
2871
4022
9878 3588 5664 6488
2848 5900 6899
1586 8078
4400 759 4807
2654 5205
2719
5141 6973 3835
4095 1510
944
1737
2433
4698 1374
925 9334 7373
1469
7450 259
4495 2321
404
3555 8808
4121 2066 5860
3624 9305
1301
1504
2065
4960 965 6795 5119
4647 3762 7278
6398 5369 1923 9669
634
3777 6812 8319
3015
3051
890 6470
1970 4494
85
9327 6764 117 8549
3004
4823 1812 5169
4112 3028
593 4811
1586 4959
9926 1827
5633 2920
4637 4275 6670 1187
6366 1778
9465 6150 9832 725 7352
113 9158
9645 4043
4056
4246 2213
3572
7815 1950
1480 6346 4440
4764 3266 4709
3170
2873 9410
773
6714 6192 1094 6230
111 5862
6372 212
805 6432
4770 3687
2131
1797 6665
3969
4085
194
7222 8134 9390 4005
333 4741
2409
1949
6059 547 6785
1648
5571 2037 5031
4067 6967
7544 1291
5244 592
5941 4711 3528
1242
725
8447 3869 6322
1137
516 8265
817
2748 4957
6234 757
4358 9899 3550
4600 3151 5813
264 4250
2446 6284
1441
8262 1600
2042
116
5020 3111
2871
540 4927
5906 2428
1670
8721 1584
3450
1641
2507
5577 3081 4942
1671 7378
4543 5359 1143
2270
1252 4435 6726
3603
5519 622 8643 5624 4245
7611 1596
1209
9225 6139 1636
2344
3316
46 5483
341
3734
5174 540
3633
2583
2423 4474
781 8900
1031
7302 229
356
765 7479
8006 589
5002 2366
7993 9424 8470 807
8861 305 9268
2365 8471
3916 4185
9232 684
7398 5397 9650 7083 9817 2989
180 6135 5594
5453 4002 8583
2410 6126 9683
9600 4179
896 9876
1382
2259 5404
1464
3789
1886
2296
1139
4004
2294
1130
369
837
9134 406
361 9819
1559 6994
2927 5463
1958
2435 6502 5975
4340 3784
32 8965
2447 5839 7988
2858
2603 9595
1399
2260
2549
6724 1097
2975 8060
1352
1951
5540 2318 9075
1804
760
5985 659
2486
9836 5850 1229
4243 3351
301
5147 2175
3178
6179 4024
7568 4561 737
2200 9186
3309 5492
3514
6740 4444 2169
6909 6433 8980 4031 5747 6084 8467
3085 8393 7261
2414
1120
6416 9967 1337
3742
1518
1748
401 6183
990 7899 6278
4728 4223
9924 6624 8546 1113
7274 4156
4096 6647
2925 8790
4322 229 7770
1660
4135
8886 3866
745
1290
8206 1897
6386 615
558
7213 395
454
1960
3263
5869 5474 889 4945
3855
2194
237
3412
942 7629 4571
8661 4899 3407
7238 2248
3653
9200 3191 9315
4288 145
2727 5974
1914
7444 7870 3953
5945 4090
795
692
2710 5353
1044
3078
9759 2962
744 7350
3496
973
2806 4300
574
9605 2484
4271
5051 9527 1558
5348 1400
1176 6125
2198
283 9702 5872 9409
1254 5152
3163 6332 5546 8483
1857
6287 193
1427
1730
4285
222
1235
595
446
3267 8351
1615
7517 6281 1110
2049
9195 9850 3066
3999
6389 2139
3634
5457 274
9884 1781
5298 3917
927
397
7966 3061 6420 7579
8182 315
6187 1298 5764
2418 6570
4248 7146 4464
36 5006 8140
5354 1473
5954 7051 8255 7003 3580
7221 1051
4446 2322 4726
459 7496
4461 4335 2402
1980 7014
6097 2440
9762 161
2424
4735 1567
4355 4329 7426
502 6227
3325
3335 5774 7768
215
9143 4205
3025 5608
1003
6169 2312
3790
532
3547 7258 6060 9956
3467
8383 3588
973
3001 5024
7892 8487 1870
1195
1233 5225
2675
4335
2677
742 4669 4566 9658
7201 4133
1147
6846 8788 3535
1590 6136
112 8299 8884
2102
2022
8577 2166
1028 4393
7300 716
2740 7331
5339 1152
185
3646 6275
4686 232
3035
2491
1614
3404
3044 7393
79
7498 5195 9015 2259
3152
868
1229 5544
2321 5130
5611 2413
6426 1496 6321
2723 7563 5266
830
797
4410 5847 934
4026 5578 4517
4676 6190 5491 4640 2130
4574 8753 3150 6577
4366
3219
3779 7399
9193 1966
2825 5686
677
791
4052 5921
2606
2294
6654 8394 9965 621 6291
1736 5782
4445 3817
3460
86
2846
1706
4389 5748
1443
5515 3433
1292
5358 1801
1568 6343 5107
3805
6659 335 5435
9392 3699
1130
1638
2167 8005 6792
2809
7683 1910
1885
1567
3854
1462 8035
79
1290 6607
1794 9550
125
2 9249
1742
5074 4024
4154
6551 3720
2363 7489
1202 5645
3695 8429
7060 4099 8345
2747
1258
7885 1972 8880
8587 5068 4232 5654
4405 5308
4327
798
5056 1315
4009 6180
960
662
1137
1179
123
2653
5884 349 7297
1895
3629 4740
2047 4472
3967
9011 6197 4329 8462
3807
6683 1442
4322
614
2038
749 9197 5727
1590 5464
2592
2903 6457
726 7786 7996
4459
740
4168
5299 7879 2042
9594 8052 620
5939 410 7141
3578
3243
4557 2290
2771 9297
2104
1820
4501 554
5411 2589
9935 2822
8622 631
2027
6117 77
1946
7925 5576 2917
828
2253 6594
6484 4080
4064
1143
9010 4671 3309 5331 7807
1646 9612
6267 638
3918
4484
3441 5507
2586 5753 6027
8313 2541
1031
6040 6705 237
8792 5417 9900 3223
4752 707
8759 3572 8450 9475
8477 2790 5447
1920
2297
4657 2940
5535 238
3460 9636
2603
4390
8079 2464
8408 3194
9053 1987
3222
3671
3523 9537
299
4576 1165
7143 6231 364
2651 7628
2530
9307 1331
2106 6296 5250
3279 5099
2219 7748
4777 1428 4944 6965
349 7708
4039 5008 6893
3469
1390
1917 5476
626
256 6629 8369
2023 7949
3963
4152
8170 3761
1700
2423
3363
1947
6425 1185 7055
7257 3251
1670
408 5842
1530 6549 6903
3927 5302
2670 4687
5903 2000
4480
4880 3820
2041
563 7322
6347 4228 6557
1891 7942
2184
2968
5602 3711
5273 6822 4357
5773 335
4836 2197 6271 7271
1893 9885
393
4266 4751
7676 1039
3238
7857 4392 7560
2300
4525
3189
3663
3615 8390
3577 4799
4804 1251
4734 3312
7625 2102
3900
2185
3578
8186 2302
356
6798 3831 5046
3987
6875 7342 8895 3700
9371 944 5812
1669 5166 5933
1800 6544
5960 571
2094
6898 5480 1952
3895
6559 3285
4134
435 6106
2217 9403
1475
855 5028
1252
3750
1320 9941 8976 6090
760 9151
4745 3719
6912 3205
54 6753
2178 5998
772
961 8615
2582
7376 1694 9988
3929
2598
3439
3871
298
927
4028
4033 8730
3281 7793
8580 8371 2204
1321 5398
3191 8235
4982 2905 8108
5618 392
1692
5203 3677
7642 2791
1111 7539
1962
6522 4717 2958
4090 6743 4852
7104 860
238
4391
9889 2986
7135 3596 5181 5982
1302 6450 7697
336
2576
6578 9109 5703 3052
4073
3244 8944
2985 6500
5539 2670 5124 6568
198
8623 7938 8053 3307
3845
5700 7094 2062
1613 7968
2644
4513 7317
3481 6547
1269
4679 9903 6879 2018
2303
7619 693
1376 5598
6534 203
2796
1948
3275
7225 1322 9927
4357
3504 8634
7814 4497
7265 359 6475
3097
2801 8846
185 4795
4391 7673
822 5443
1446
4660
9100 1633
3556
7168 2971
6249 639
2592
1409
4750 4372
5196 4555
6870 1357
492
5344 3382
7977 1661 8200
5000 7250 1760
1221
8505 5271 485
656 9930
1934
3482
6378 4060 8428
1188 9907
3813 6885
1809
1496
1962 5854 5264
5709 440
7011 110
1188
8305 2548 5823
2029
4100
1932 6758
4794 9137 4124
9766 615
5349 2918
6732 3464 9881 9790 4888
5370 3996
6153 6445 1171
4636 6762
5596 2117 6175
2627
3167
472
1095
3680
7933 7142 9955 1166
5642 1669 8378 9163
9324 4327 7486
3340 6237
6827 4243
3564
3401
7306 2183
439 9663
6310 3787
4582 9148 5059
4334
2754 9920
8325 705
2639
8736 3898
4458
4115
2154 6765
2383 6571
5513 3808
7153 4609
819
5037 2589
3387 6384
2609
4686
6068 4571
4508
1115
194
1489
5160 6358 6911 3780 4862
1072
6030 3950
8019 760
1792
9014 2530
102
3422 5668
4100
2974
1270 5786
3221
2722 6194
3008
4108
2475
3578
7337 1664
3002
2050 6978
1041 8173
4533
2951
3492 9796
3384 5759
2255 5347
4884 4045
3937 7688 4983
6436 2617
7914 614
5013 8253 1671
8970 7175 3499
129
743 8145 9780
2909 5605
3457
3086 8439
3580
4711
4675 6512
3039
1294
3007 5433
4580
1788 8778
2578
5017 1518
1214
5101 4581
2063 6390
3013
5301 8392 4052 4903
6458 5879 3158 8829
1747 8113
3156 8194
4878 4086
5416 1711
14
6369 2982
5827 2319 9035
3312
3277 8804
952 9149 6567
8468 3994 8567
7526 9798 3440
8251 7028 160 8080 5145 7704 7582
3649
4084
3415
3173
1513
3578
7649 1929
343
8352 157 5233
6810 2246
2730 4970
5475 3568
2664
4030
4568 5040 7723 9047
3091 8962
1555 7632
1350
215 9228 6217
2115
5537 2544
7198 3115
66
9418 2511
275
2577
8657 3086 9948 5258
1051
2256 5167
406
4934 9862 4637
856
6430 3124
788 7759 5155 8671
8933 9059 917
2831
7509 2528
5312 2801
9793 1958
923
6487 4756
2578
3165
3187
7624 3539
339 6250
9313 2820
2958
1575
680 7085
628 4941
8596 9677 7132 8333 2354
6892 649
3916
881 9541
3916
4811 7495
5256 738
4558
3965 5191 7821
185
4930 4918 4999 3303
4782 5445
5356 2718
7965 519 8314
3988
4714
1633
2605 8166
2702 5323
3866
3280
2916
2285
5394 3547
1196
2246
4267
2189
28
568 8714
4807
36
1474 6837
8029 2341
7615 3859
6612 917 5089
1555
7076 2750
809
6974 1850
1854
408 7661 5223
1421
1931
2563
4883
3438 9034
2371
2683
7566 5737 844
1338
7131 2530
4963 8593 2348
3531 5419
6471 6602 4143
2937 7329 8951
950 8513
4883 9940 9413
6419 3512
1429
4041
4852
97
2286
640
8511 9535 1747
5790 1387
376 7123
5802 4872 8231
7545 4150
1828 5562
6037 4533 7304
7481 4261
2332
6651 1152
9797 9729 2660
3630
1143
3719
2797
2820
497
1918 6015
2236 6574
4131
2932 6408
9302 5716 4087
4072
1147
8059 1690
4925 6686 5635 5362
548
2292
3557
307
727
8607 2845
4832 5052
2610
782
6494 434
2444
5259 3300
5493 2964
1932 5049
6545 1543
3236
2021 5115
3262 5185
4629 9062 5487
4783 8652
3402 8529
5818 246
2954
2960 8526 5131
1366 9329
7903 9470 1282
2307 8278 6251
6465 3708
702
3686 9170
7062 6367 419
3474 7420 6770
1600 7012
2737 6031 5691
3195 6047
4883
4692
1846 5229
5090 4175 8747
2227
6794 1674 5905 8110
1563
4323
5192 791
4535 9545
5961 710
6923 3827
2953
1770 5280
9065 4786
1222
3365
696
4802 6335
5455 682 6437
5525 2849 7348
4141
3265 7214
5374 3097
1482 9314
4350
1492
2148
141 6241
4604 5441 8947 7639
1847
633
9616 6260 4120
6397 3044 8151
2802
2623 8266
1891
2527 6035
4747
4031
5096 1809 5740
4836
5800 6939 1624 8366
2932
279
823 9224
6351 3749 5461
4589 6838
1973 7940
3834
4977 8548 5265
3346 6638
4289 9783
4970
3843
2543
8534 5389 7125 2471
6863 4448
3609
5437 2641 6070
4734 6401 8289
8361 6793 3102
1353
623
4029 9181 7432
961
2023
3965 9722
7424 2959
4444 6156
3295
3530
2958
7691 6996 3849
1134
4434
9825 1655
3631
6170 1444
3969 5319
3351
3525
1988 7985
3974
3244
2504
2943
3658 9818
1358
259
4908
5002 5986 7035
2380
2383 8987
542
29
6867 127 7774
5039 6468 6173 7415 5393
2489
2603 6191
4531
396 7554
6016 4804
3979
2243
1937
3840
6781 2054
5352 4415
2438
3060
3843 5373
728
7555 7584 3348 8018
2624
1330
6915 4980
1747
1615 9353
960
4072
5946 3823 7945 9764
308 8996 6017
413
1084 5927
6085 4650
5560 1097
257
7666 3561
3082 6493
3681
4383
8041 4987 6957
1926
3183
8559 2400
6476 2232
1098
3934 7902
8619 3137
65
897 8824
4055
3593
6866 5449 413
3714
6333 4821
3236
9869 8198 4225
5556 1070
2301 8363
2191
2147 7674
4294
1248 6579 8472
3731
4855
1078
3473 6931 5263
959
7634 320
5978 6710 4756
5326 1364
2709
772
1852
280
4593
7863 4850 9368
1339 6279
4084 6834
2831
3572 5357
5554 7886 3221
7670 3986 7504
4165 6363
5591 23
2772
1991
2896
5281 6722 1630
6399 980
4642
1421 6105
461 5427
6752 3352
6782 4981
2632 6118 7524 7537
934 7194 8131
1796 6645
3685
2515
5209 4881
5007 8342 6985 7796 8707 7685
1721 5460
1617
6880 4379
4687
442
3769
809
2205
3100 9130
1093 9266 7311 6200
4632
844
4053
3988
2601 5712
2752
5191 5407 7315
3835
1749 8458
117 5634
2357 8500 6028
2797
1109
94 8442 9546
5674 8550 883
3692 8391
207
870
1832
9276 3227
4914
6569 5328 3161
4353
1119
906
2912
5001
691
1701 9002
6000 1289
8952 4830
3541
1787 8211
116
2728
1537 6505
1152 6829 7842
2911
2209 5548
6717 7895 5428 49
2162
4123
3023
2423
383
2653 8553 6385
1842 7099
4530
2199 5719
3571 8860
5697 454
2663
6807 3019
4879
5738 6053 633
4848
4975 8073
181
3238 5957
1796
7151 5157
7987 4703
8093 5049 9080
8686 5532 4386
2718
3427
3323
3318
4694
6711 3223 5776
4566
7433 91 5563
4020
1408
754
5287 2255 9771
2297 7405
5547 5012
7711 5179
945
1511
3190
9481 3212
2729
5278
3530 6111
9496 1266
9319 1133
3089 5516
3151
3400
8978 1356
3303
6774 1583
7 7837
4315
7546 4475 7646
1845 8337
4807 6708
4554
1384
5380 2696
1259
6195 9072 8094 246
6501 3032
4445
2888
3055
952
4859
2921 7240
9022 2071
5388 1714 7428
7252 3026
1121
378
5078 6220
1536 8021
6345 2039
2163 8167
4891 5334
5685 7957 214
3592
5161
2481
5224
2595
2140 7533
4497
2314
3315
5323
1509 7865 6684
2323
3621
2307 9655
4369 5462 5857
2175
963 7416
8448 3615
4045
4690
1422
952 6282 9320
4781
4290
4713
275
2929
5107
4278
4324 7594 5784
5955 1154
7037 4885
5171 6756
8416 4414 5465
8465 4152 7747
7332 1221
2561
5994 5746 4963
888
3349
6026 198
7858 2217
6124 999 6213
341
4074
4715
8176 2813
3286
7569 5110
5022
5849 7162 120
1783
711 6326
1298
2428
5304
2394 9251 7600
422
296
5530 2928
9564 5710 1111
824
376
5315
5055
8049 92
1229
9723 3884
9593 9361 9775 5096
4896
1727 7275
906
4181
6424 4627
3239
3854 8290 9298
1240
6856 2513
8774 4045 6423
4188
663
9717 1837 6582 9387
5209
1483 6662 8432
4033 7908
6691 3056
4485
3701
1811 7019
3875
427
4812
4507
3467
4926
682 6364
301 7812
971
9262 1851
9019 2617
2958
1085
5183
5242
5646 9300 2268
820 9287
3072 6652
158
4798
3400
4417
919 6174 6240
5058
509
5944 3397
3017
5028
8821 9284 2689 5858
4677 8916
7572 3922
4884
2789
7839 5801 4510
2937
5143
568 6462
409
9846 3104 6820
4183 7516
3926 7581
7647 5018 8215 5881 5606
3389
4313 6786 9196
3
3558
5193
5045
5339 6587 7510
5721 4202
7022 4468
9230 5358
3979
2394
2714
2102
3429
5708 6176 6207 1787 9004
5963 6583 3720
5527 2404
4261 7281
4833
4538
2142
5970 976 5529 8547
8949 3756
6843 4597
7182 2360
992
9932 4162
1002 9391
416
510
4982
803
7717 7341 1064
88
4391
4230
4976
7790 8285 8212 2173
690 5698
2119
1930
1232 7964
475 7199
3224
1954
5512 6554 275
3172
3178
2734
7178 1075
4502
1632
2186
1923 7023
686 7355
5502
4744 7091
9180 3445
4412 8386
7170 8084 5291
7645 1776
3627
4156
3894
3989
1535
1982
1175
5019
640
6045 5473 6095 8111
2275
5478
5384 6779
3000
5266
1402
3714 9064 6356
4514
206
4842
2900 7750
6137 4650
4217
279 9098
931
7633 3558
4382
283
4295
5280 8025
5241
1627
2593 9055 7224
3244 6897
6348 2930
7090 3581
5172 7015
1336 5926
5148 6460
3181
6729 1757
332
7636 5883 5125
9713 535
4943
5669 5274
3771 6868
4008
1708
3106
5943 3291
3937
2970 7780
4120 6247
8573 3853
3230 7340
5660 1264 6608
2592
8197 4491 6862
9516 4150
5924 4390 8152
100
2769
1214 6491
9992 5859 2722
1708
96
2322
2863 5632
6096 115
9987 1861 7368
1171 6824
2506
5175 7262
7565 542
3087 8081 7034
4182
3482 6951
4718 6769
7995 2816
4663
1476
6650 221
8694 6382 5798 2385
4565
2605
3462
4790
5455
3179
4341 8008 8039
324 7695
5936 3347
4384
267
4035
7081 9406 371
3530
90
2833
4630
2868
3559
550
8068 3733
2936 7102
4156
1781
4041
1935
344
3085
8628 27 6945
2971
5586
4089
5212
4963 6023
7617 335
1247
3357
3540
2251
6560 2265
4725 5829 6509
7387 202 8331
903
5711 4438
5429
8411 1474
9050 3912
8280 253
3255 8476
590
1389
7349 2914
4444
2178 6055
1695
1457
9332 9018 1991 8339
9069 3769
5574
6845 3433 9777 7553
1912
1092
4049
7794 5987 888
3364
2962
4763 8095
5563
231
1306
949
855
5217
2579 8507
2574 6920
2817 9032
7476 7861 3247
3674
6533 396
3530
6255 2638
8672 75 6631
3634
5324 6024
8745 4397
1145
1763
8937 9931 1540
3265
7097 4997
3488
675 5868
3618
2280
2024
5253
5495
2003
4654
592 8275
9802 557
4646
80 8355
9426 466
1498
3295
5471
4704
5385
5645
5207 6054
9562 1873 7475
1232
3667
4959
9991 1021
6355 2047
5251
3270
5463 8424
3847
3564 6849
1470 7618
2903
2971
4467
6009 3343
3586
723
15
990 7129
2668 6690
2564
2112
7401 75
4922
5257
6342 6202 2225 8091
5039
1122 9993 9054 7441
3872
974
325 7122 6894
3017
5362
4233
4410
3810
921
262
6456 908
4503
1717
8840 1523 7140
9133 1317
7121 3481
3494
4780
155
8928 1110 8613
882
8679 3491
4320
3615
5942 56
6773 3807
1182
3964
2436 8189
861
2399
4567
7828 4338
668
5272
2623 9855
3035
881
881
1351 7596
7375 4404
3713
9397 5354
2678 6506
4766
7320 823
3447
3435
9029 4939
6754 9038 2054
1426 7105
3633
9495 2432
8581 9113 5893 864
771
1354 6857
5601
3158
5041 9567
5447
4941 7184
2954 8346 8775
1457 7675
8178 819
928 9093
3384
607
9043 2090
3286 9013
2421 7096
4592
4134
1919
2815
9291 2599 6601
4044
4985
2931
2527
368
3200
4707
2830
511
450
4815
984
5642 7052 8757
900
1457
1905
2431
1784
3072
6302 357
8298 1765
240
4207 6359 7602
1102
1646
8890 4552
3060
2560 8112 7574
8322 970
3955
9804 4389 7206
3921
7578 5375
4222
175
763
232
4703 9604
2015
89
8667 5339
5442
5582
4067
676
9120 4105
3278 7894
2828
3656 7119
2804 7456
1924
7668 5693
4261
2314
2114
4293
3994
2159 9959
1700
7530 2998 6459
5932 3734
9700 6003 3097
9599 4808
828 8848
5455
3092
5560
4456 9749
2906
1801
135 5962
3171 7751
6503 3360 8728
3707 6280 6776 8985 8715
8011 3847 7406 7145
2251 6327
7549 5795 9461
1559
3603
3342
474
2956
2700
4050
9673 2304 8914
476 7117
4556
1644
5004 8523
4144
263 9949
6736 4038
2899
285 5984
1241
3569
1795
1236 7010
144
9250 2522
1146
415
539
68
6483 4400
2883
7089 2976 8833
5578
6130 6598 3471
5555 7536
6593 5123
319 7073
3609 6360
3826
6463 1384
5877 7782 7447
8279 4593
3709
8044 2862 9668
5610 8658
7501 3306
2136 6123 9665
4477
3682
4124 6259
5766
5568 9343 7741
5439
4275
5120 9480
1052
1833
1369 6930
2766
1100
2969 6292
8479 3270
4325 9364 8359
5355
1708
9660 8419 5261
856
461
4595
5009 9812
5887
5472 7482 7543
464
3810 9293 6306
3529
2445
270
1237
5478 7845
3618 6204 6235 7407
2379
3229
6580 4272
4204 9385 7088
3995
3323
5160
8802 2307
794 8810
1655
4642 7467
2979
7292 5910
4220
5090
5665
3748 8121
632
1581
950
2030
890
5362
2624 7640
1654 7849
2028
4612 7195
1159
5232
3359
3229
5878 8836
3770
756
2358 7390
63
1923
5728 9943
8680 2609
775
7220 7266 3360
334 8911
3840
4955
5101
5121
1715 9627 9234
3591
983
3050
1049
5635
6921 5685
3345
5365
6520 4503
5213
2342
4758 8258
4997
7792 2736
3576
6461 2685
6809 5036
3551
4944
3391 6134
3577 7480
4506 8449
3925
2655
6294 1543
1554 7731
5527 9579
8595 3437
4998
1718
226
3669
6657 299
2537
5257 9286
5712
5655
1033 6550
290
1314 9240
4118 7434
4346 6596
824
2869
2143
3957 6818
1375 9383 7026
193
104
4751
2557
8036 5058
1625 9692
2908
3346 7620 6573
3570
6412 1527
3605
76
3238
6122 3583
9135 7334 2591
910
804
109
4233 6314
5124
1361 7021
3786
7 7449
136
4607
2580
3004
1093 7740 7286
6908 9341 3620
5527
5587 7095
4331
2089 9560
106 7739
2242
3041
3247
2548
1872
5182 9837
4601 8853 6155
2192
3002 6138
924 8953
6499 6242 4012
5288
3150 7309
1859
2875
9420 3155 7147
673
4489
7053 5186
697
2055 8143
3174 8446
6079 9487
6666 5938
5367
8560 4291
4184
8013 3784 7798
6976 3147 9674
3278
5925
6293 3373 7316
1314
3851
6210 6038
4182 6745 7838
4361
5539 6495
6108 7490 8455
4159
506
420 7520
3555
3449
2590
949
292
772
224
7389 2751
4092
9016 8175 453
7946 2433
4716
8663 939
7658 6106
5068
363
7144 9753 2336
2106
3570
1025 7024
3796
6208 1437
3554 8003
2960
7591 3888
2484 6635
1525 6215 8908
4343
5077 7291
6441 844
2322 8741
5096
5436
4718
5471
3916
2893
4227 9333
4449 7190
7659 3622
3146
4241
8650 2394
2726
648
4320
1784 7115
991
4391
5098
4104
7360 3489
4768
5306
4041
8780 4461
8599 6682 29
8085 1706 9400
7430 5202
1762
5739
970
5971
263
227
5471
6163 9460 7165
3471
6797 6134
2314
2963
5367
1484
6168
1617
4840
6535 1000 8234
9964 3329
5319
3717
3415
2780
7440 1963
3395 8968
466
9831 4336
2459
3767
6357 4104
4526 6391
1267
1460
4132
8740 5971
2004
4727
2856
909
8866 5436
6926 5027 9754
6110
1130
1395
8592 1127
3620
5571
469
4683
4867 9201 6787
4990
250
2257
3978
5682
6497 3932 7736
3280
2652
5941
5031 9217
1052
7881 2014
3787
2635
2888
1091
4499 6688
3449
1853
3443
4568
412
7873 428
181
4371
2336 9648
6739 6337 3914
4242
5168
5890
4307
5346
2521
4136 6677
9294 1065
1960
4297
6514 2555
2590 9792
2068
4403
5952
6131
6043
6429 2148
8444 4530
278
265
9921 1270
1888
9542 152
5836
6962 1822
458 6439 9877
49
5965
2085
2130
3618
7595 6833 4733
6380 3029
1593
1755 9118 8123
6084
3897
1023
828
2453
2504
2262
4385
4127
1479
6995 1278
1374
5377
5892
7630 3834
2773
8712 792
3399
4295
5145
7093 2260 8851
5017
1350
6277
1638 8294
3619 7312
1660
1991
5739
4415
4029 8801
5321 8418
4099
4561
5552
538
516
5045 8001
2838 8868
2069 8809
462
5718
5534
6230
4756
5839
9233 5929
1871
2722
5174
5420
1993
4091 9639
6944 8224 4994 7065
1550
4814
1664
2407
4106
8147 2976
7976 3456
2174
766
3490
4698
1872
6311
6767 1583
5601
3910
8367 4748
5248
4255
3927
8538 1633 9427
4311
4805
8377 6231 7508
647
3862
3501
2243
1070
8320 5032
4074
5180 8438
1808 7732
5059
1605
1228
811
266
2322
7404 7564 2489
9746 4958
3102
2023
745
6075
8966 3004
2842
3543
4237
1393
1007
4931
4318 8958
937 8220
2983 7354
5403
5398
4549
4385
1610
8238 6734 3182
6295
4854
706 7922
4107
4233 9558
859 6830
6905 2582
9128 7294 4784
5018
9076 3482
6304
3193
6171
656
2916
684
4716
1843
2121 9843
2506
3709
4643
8983 2848
241
2786
249
8242 3478
5752
4470
4808
5876 7414
5556 8023
6034
5450
5931
3773
4991
865
1808 9738
5096 8785 6548
2800
6916 4079
4927
141 6959
3139
6555 2970
4672
5135
3586
3351
9419 1216
8554 2176
185
2290
9446 5921
4494
8397 1141 7890
1530
8077 7767 4862
4049
1300
1833
5581
7557 1274
5128
4973
6137
3640
6256 6888 7983 9449
546
6110
9058 4649
5307
4204 9438
5889
3078
9809 5238
5785 6775
2728
2954
5642
1732 9227
177
4795
1096
6288 6694
1995
3645
1575
2694 9463
8387 457
9688 6027
2949
4636
7103 3152 6864
1267 7762
6681 1151
2913
1042
3165 7314
110
8445 7746 2309
1489 8164
1463 8341
5680
4664
6218
764
6783 1724
2162
8701 2311
3389
3623
3053
3670 7999
4594
4978
7435 951
4658
8748 6468
4553
6056
4436
2170
6597 7487 1860
6698 5502
6474 8481
857 9094
8120 4561
112
4599 8124
5641
7345 7167 7082 9382 2746
2372
1768
6956 2243
3628
7044 696
4818
4650
5224 7058
4321
4743
1085
7361 6073
4956
448
3696
4392
4646
5153
5974
817 7531
5406
5472
1713 9626
6728 3864
1926
5462
83
3532
8545 453
2104
3840
7548 5927
8738 8706 4493
881 7050
6060 8461
6553
5925 7671
2489
460
5816
4927
827 9116
3331 7267
2338
2563 8100
4429
7154 5574
3673 7820
2391
127
4908
1024
6878 3230
3329 7042
667 8082 7246
1644
228 6674
1383
7418 1284
3450 7973
3428
470
4244
999
8825 110
1810
2341
4540 6746
1653
5683
3164
3704
6955 3044
6167
7997 1070
900 7836
9122 5050
1904
2915 9381
3570
2308
1413
7363 58
5188 9530
7972 1240
4246
3157
3131
5600
4947
5431
9226 3854
4403
150
8796 2522
6051
1954
4417
2754
1030
5408
2857
1443 9716
7324 8401 4110
6123 7864
1635
7254 3397
1247 8963
8901 4090 7328
1832
1256
8878 2319
6618
3003
9513 3809
8763 6284
3078
8849 917
3450
6525
6198
4463
5335
2831
4963
1129
6267
3413
5733 8885 7609
5410
2818
8956 2961
7114 6514
633
2911 9310
1106 7183
6554 8794 7080
1450
9431 1732
3175 8344
8867 2761 7598
2511 9141
474 9223
4506
1994
2997 6780
5301
3827
5160
5272 9693
8509 918 8743 8624
9565 3041
4104 8645 9808
2175 7128
3082
7071 5242 9598
2228
2385
7364 2587
3631
7597 5179
1198
4213
2753 7431 9841
4154
358
6585
5558
2874
2125
4714
3560
7215 6428
3778
5908
437
1088 8576
6277
4232 7947 8307
8142 3087
441
4637
1889
6135
6629 8668
2453
2589 7353
974
1754
609 8088
5184
4611
5791
9569 1790
8216 5357
278 8625 8921 9858
7757 4710
184
827 9960
1987
4717 7149
2679
4082
4742
7126 3493
6381
943
5596
4995
1485
3593
5767
5296
6506
5890 6852
1252 8282
1615
6844 5530
6895 6707
5106
5185
6537
2446
7608 4118
8156 5457
6250
639
2365
7411 3832
3116
4421 7298
5060
5004 6877
4072
9261 3246
6210
4589
4038
2593
3298
1529
2144 6990
1975
2869
1749
5255 9994
587
9664 6035
4831 8819
2
4076
2411 7118 7950
2772 8237
1651
7852 2835
747 9864
6064
3853
5452
1308 7383
4566
2347
5589
1511
1738
4728 8097
289
5239
6434
2357 8734
2441 9534
6310
5169
3054 7336
3637
4905 8474
5046
901
1850
2166
7916 1430
9458 5480
6779
5661
4360 7678
3614 7955
2214
8168 5723
912
2642 8219 8869
6776
1128 7956 6991
8579 69 6904 8704 9278
3348
5402
5797
7008 479
570
2402
3426 9910
5576 9104
5056
6523
262 8616
5143 7451
5095 9938
8971 5564
2596
9051 4688
2198
1646
3998 8942
1311
4591
7556 272
6794
6614
4660
5195
2808
2815 8451
8473 2400
2040
4700
1273 9396 9737
6935 1827
6497
1413
9623 299
3800 8101
4874
4535
5744
6780
1385
5551
4597
8138 4050
145
8004 3551
3698
4553
6854
6435
7939 2196
1785
6094
4233 9023
1038
7358 8269 4756
4610
719
1773
5115 7951
6470 7944
1605
1483
2117 8412
5676
6024
2224
5010
662
3748
6241
3108
9915 1625
1847
5949 8651
5157
7653 1415
7366 1268
2362
6887
793
3014
2504
5041
1002
8051 1940
1484
2256
6367
5630
2618
7982 297 9525
3609
3077
1308
5595
2980
4011 7745
8990 360
6634 7984
6564 7763
5131
900
6472
3123
868
9544 6303 9584
899
561
4533
2632
4121
70
940 7672
3446
1837
8659 2758
4055
4912
3649
6128 8544
716
4775
8618 2277
7813 1960
688
1603 8702
2731 8210
3317 9868
5192
2318 9108
3598
764
3995 7172
6803
6853 9977
549
3606
9763 4201
6324 8934
5072
854
3142 8492
3398
3236 7588 8913
8297 3833 8504
992
4325
915 8155
2831 9703
7101 3614
1216
6858
2008
5914 8309
4705 9607
4996
392
4330
9165 5554
1013 8486
1304 7408
1561
5413
3098
6086
5464 8856
5510
9622 6161
4015 8037
6065
870
4821
1927
2464 7301
9681 2637
24
2034
5593
5090
186
5356 9829
3948
8766 2723
7308 3268
3296
6615
8421 2620
6566
2924
829 9983
2886
1509
9450 3730
6595
4325
7930 5829
6118
1441
4549
9728 1832
2729 9220
6569
2527
4440
2299
4994
3625 7279 8605
1260
6367
3163
156
2743 9221
1289
3075
6717
3109
5928
42
3075
4910 9126
2230
1174
2130
6698
5614
6561
8288 4181
3984
4871
9340 3631
2137
5975
5923
5553
5513
1719
6334
8159 4654 8805 9073
6096
5811
5691 7412
1633
5249 7823
2537
7006
5623
6523 8239
4638
5792
2513
784
2663
3448
8838 895
3428
120
7808 9422 3367
6694
6188 9904
2081
5902
6813
5865 8726
1057
5757 8925
5744
9689 4940
3059
7818 5055
6766
818
9231 6715
5732 7439
3768
4924
4873
3881
2902
4642
1691
8646 499
3508
1398
5755
4477
4724
4526
6158
5891
4322 8858
6115
2495 7209
6762
3257
5263 8543
3849
4745 7690
6608
3674
670 9536
266
2157
7385 7816 1428
316
7896 7513 2874
5375 8425
189
1547
7211 6208 9136
3304
6561
4682
1759
5516 8347
8533 2840
6989
9572 9026 3478
1772
4787
2619
8370 3630
9411 5506
2912
2629 8252
228
5481
6697
5802
468
323
830
7682 1591
2323
6180 7239
9478 2604
1825
3755 7236
5187
5998
1963
290
4843 7893
5499
36
4358
1970
1992
40
1668
5847
8431 3866
1619 7470
7148
1508
7165 8681
860
4257 9311
5021
6734 7535
3799
3902
718
251
6012
4326
4114
3348
5550
4668
2534
513
250
1049 8233
3567
2179
1518 9366 8114 7462
3087
807
1557
9918 7193
703
4268
7190
5313
7612 1555 8070
929
3950
3738
2936
6616
182
7805 2840
336
4692
544 7911
5316
2158
8765 6668
3478
3843
4550
4346
394
2235
4234
5591
2964
2838
4672
6012
6604
217
3336
3236
4568
7562 1469
8353 1735
4245
5395
2467
987
4073
7063
2112
5474
1858
3408
8010 3510
2486
6093
1545
1450
2852
2617
6170 8204 8601
5984
1071
6436
3112
1917
9710 4456 9486
6792
7970 2201
4367
7030
4171
1068 7662
4944 8564
2846
8405 4731
50
9954 7040
6112
1354 8225 8374
5202
9911 6339 7917
2370
7937 9030 8244 6528
5209
6131
4657
7492 3661
2892
5787
3777 7771
4560 8340
3764
6665
3226
3335
673
6670
9951 7391 4928
8365 1124
4368
5360
3107
6080
979
6835
4773
2641 7585
486
5573
5489
8087 4591
8899 448
70
6561
391
1199
5019
5653 9625 7804
9654 4282
3232
4092
6748
6422
5511
2846
9651 3826
6911
7875 7570 3199
6193
6573
3463
6644
6720
1082
6933
2008 7684
5588
573
2778
1586
1297
4061
9177 3537
5782
4616
1312
4151 7758
4
2886 9896 8602
139
3664
6821
1935 9913
7159 9354
1894
5643
7841 3162
6149 7811
6006
7329
3180
7538 4377
1338
2704
8310 2080
1147
4181 7882
8207 8032 4395
2186
5736
338
3175
6407 7409
5279
5891
5971
8177 7017
8489 7404
8697 2893
6790
7097
8303 3258
6459
5096
5341
928
6620
100
7954 4995
614 7910
2215
1475
5067
850
8184 9972 4335
1741
5315
2025
6200 9851
7701 6725
5063
5274
6059
6546
3748
8485 1809
1009
7129
6224
5741
66
2506
4274
2605
2423
5932
3501
6088 9816
4063 8075
7909 6866
2009
427
298
3210 9810
5866
8907 1617
2157
3843
3621
3931
7232
2359
328
2115
892
5982
881
489
7208
366
3905
2528
3737 7991 9511
8076 5713
5678
3300
1150
4173 8575
6039
4945
5963
2399
2798
1288
4726
6553
1327
4437
6138
9568 2846
7318 9459
2734
2288
4878
4328
432
4379 8912
1973
401
5937
9667 1114
2962
8519 5173
219
2534
1160
6391
4858
5462
2395
986
7161
3796
3934
5453
4307 9095
1574
8283 525
6141
7655 431
199
2506
8555 5186
2746
4820
3272
1068
3404
5876 8551
7862 6581
3683
5330
3560
7215
5926
5186
8855 7393
4634
9575 2468
1329
312
5963
9629 4122
4942
5299 7694
2631
6593
5893
2582
3419
3376
5661
5100
5112
6876
6492
3617
7943 1715
4574
1183
7272
4386
6407
5592
4922
1426
4228
5373
7359 9602
8260 2437
5444
2266
7889 5844
1869
773
1973
5849
4318
2331 8877
5454
4821
1674
5112
9092 7338
1907
1546
7000
2272 8830
1418
6166
1390
2213 8130
5354
6310
5781 8898
6722 8022
6702
328 9571
5381
9028 1952
8612 5839
3763 9601
8752 3728
1610
2510
3324
6785
6690
82
4157 9218
9879 7241
3333
3677
4907
2554
5636 9435
5724
4662
6073
3214
1496
1377
4866
4583
3353
2324
8777 4527
4266 9952
6328
148
4838
5543
5159
722
5560
1364 8644
3237
5028
5995
2469
4633
945
8148 355
5517
5299
5455
2154
4828
2975 8496
1814
8218 2521
6932
1273
7521
3364
1203
6155
6181
3637 7709 8243
4914
7303
661
8026 1799 8670
646
5127
1621
5868
3024
5173
9928 6598
7772 6969
4676 8845 8343
5151 8122
5804
4572 8831
3874
6846 8960
3426 8637
402
1899
8700 7188
4423
7367
5192
186 8941
3272
4783
8228 971
7153
5072
3347
8835 2878
7546
5609
1714
4643
2348
1202
430
7431
8750 3002
1727
4821
3617
2480
1294
4534
7660
3720
5281 9492
7990 923
9892 213
532
1922
715
5489
1723
1924
3439
1894
1010
4836
522
2447
1574 9483
3042 8881
2915
876
1748
6044
6400
2263 8503
1254
2791 7935
6256
2049
1699
6099
6093
8510 5943
2806
2154
707 8229
6953
6530
9750 5359
4532
2979
5538
5888
1413
232
2207
3950
2903
6758 8744
8696 9070 7378
4855 9192
3307
320
6524
6956
3158
1585
1572
6487
4338
1604
4248
7321
7672
3158
5095
1947
8946 2411
723
850
3964
5570
1378
5932
270
753
2026 8191
4471
424
3104
3584
9077 5494
1136 7907
6032
4625 9944
5665 8739
9457 334
5192
2546
6127
1260
110
2170
2125
3656
7349
7248
1978
4497
7113
2617
1264
7389
5421
6980
4671
4098
7159
1345
7125
8789 2292 8301
6609
4881
114
7099 9966 8943
1013
1181
1179
2783
5774
7868 1383
1306
9271 3219
93
2394
441
3818
6637
5297
6135
5447 8563
193
7388
8357 5239
792 9591
1075
5970
2586
586
2922
5996
2966
861
6816
2782
168
2131
974
4574 8979
5366
1082
198
5678
7531
5167
6666
9820 5335 8888
803
1022 9866
8746 7829
573
4274
9356 2052
1625
6273
3618
7359
3977
3504
3678
4475 8480
105
6262
7398
564
2984
4443
5172
1834
1241
7574 9040
6485
3223
4351 8737
7198
5863
9847 5242 8423
7161
1459 8308
1510 9157
4242
1197
2684
8490 9515 5137
9082 4989
880
1357
1595
7791
5409
7451
7421 8950
7251
3219
9003 3297
4785
9482 1996
6842
9303 7312
801 8565
643
1552
251
9269 6431
907
435
4491
1325
3136
962
3328
7052
243
3086 9150
8981 4724
2639
7735
9162 932
7314
4652
6906
5047 8807
2792 9074
4562
7559 9970
6916 8506 8816
5120
6152
6740
3932
9968 4541
6813
6915
1230
1023
7420
6847
6853 9041
5324 8102
2578
8104 2354 9618
966
3916 8014
3854 9145
1302
5498
4886
4318 8662 8281
3426
4655
1819
7299
646 9961
6646
6621
3853
2146
9719 6374
4691
2976
8277 1088
247
9785 3623
6947
6497
6955
5081
3437
5264
4207
843
7712
7474
1378
4176
1412
5597
4471
6636
3576
6543
8415 1391
6351
8903 2320
6164
6901
4421
4174
2919
5608
2216
7284 9124
5891
3709
6127
7961
2175 9103
2145
1069
5112
4759
2690
9578 5320
7597
6460
1749
5547
7664
1171
2379
4906
3689 9563
415
7399 9521
3171
1335
4427
6070
7025
700
5608
3491
5131 9606
3222
1933
5935
1780
101
1213
9773 173
5390
2986
6941
4476
4652
838
3973
36
3630
8312 2089
4962
4214
3978
9377 9838 607
936
9237 9493 1129
3558
2297
1421
5622
3310
9326 7241
2278
2667
5259
1321
7450
7475
6487
4051
4518
4821
5593
6616 8272
827
5516
6199
3182
7342
6751
368 9741
731
5739
1931
5265
5306
9609 5668
3724
8222 6827
1754 8456
548
6606
9662 9929 6891
7957
3610
8708 8196 7959
3490
2249 9363
3126
4629
3254
5004
5527
5844
9375 4809 8972
8640 7232
9039 3673
278
2456
1338
1769
6557
5988 8495
7674
6313
6559
2682
1656
891
714
2396
7593
5187
1584
8591 2718
4114
2605
3357 8493
9801 911 9725
6899
1083
4323
3555
6741
6120
1289
4789
2510
6373 8443
7644
1121
1289
5032
5578
9484 591
173 9464
9997 7004
9204 6786
1677
2122
7094
2186 8185
2956
2867
1817
6531
3121
4890
5322
6849
905 8603
4544
1361 8190
3642
4776
3482 9675
6151
5371
7408 8460
5805
2283
1059 9373
366
4319
3769
7426
8160
4587
839
1667
5770
8171
7785
3000
536
8653 4810
8300 3861
8104
5576
5147
3009
4691
1681
1040 8927
550
7291
3674
4254
7399
2922
1479
6983
5235
5494
3164
2461
5455
6756
580
7652
6851
6421
580
8097
2279
6367
7310
2626
1845 9724
7689
7744
983
4941
1953
7229
8376 6218
4628
63 8482
6814
6428
7103
952
487
6455
8332 7660
7314
3524
1831 8321
421
2146
2746 8876
674
4821
7180
4786
488
4325
3047
3419
6030
2944
9570 7571
1799
9214 4138
481
1534
8488 8782 4129
5034
1638 9107
1372
6911
8584 3413
1791
8082
1160
9925 3944
5701
1436
7979
4990
5933
5649
7966
6777
7519
1241
5494
2075
3993
7083
5059
5400
1162
9471 1663
146
6338
178
2240
7001
5837
4362
8195
9619 7819
86
7413
2479 8998
4707
1486
6740
7897
7010
7396
3887 9295
8058
4504
4886
2999
2394
172
2337
4076
6397
8246
5845
1420
490 9235
4737
80 9429
1814
4017
9099 448
410
5643
8243
4873
680
471
1216
5300 8633
3321
5658
7322
6532
9861 5192
7673
6701
4440
5803
7170
9005 50
3442
1300
4305
4830
7273 9549
644
5704
3430
7842
1377
8525 5954
442
5060
1881 9063
5149
2708
7330
9939 5041
6384
8892 3666 8887
4540
7177
4626 9401
3857
1822
7310
741
8234
6391
4725
380
1643
1338
577
4348
2967
2177
5515
6519
3440
1143
4579
8988 5218
4807
4234
4403
3780
2650
6485 8570
9395 2561
2365
924
6665 9880
661
2159
3592
7306
2445
2264
4519
1071
8610 9556 2937
9187 5647 9097
6919
3228 9826
1420
8000
5358
9739 641
9860 6345
5957
1103
7043
3342
7895
5721
7162 9111
464
1279
4698
4439
3504
7207
5408
3774
749
2794
688
2021
8828 6399 8720
4792
2698
1192
5216
8147
6296
6530
6121 9153
4127
5342
9501 6040
4509
6882
2153
2963
2676
6138
8098
3358
9580 5211
1254
8177
9647 6596
4461
3857
2607
5359
2952
4233
4819
1105
8779 4176
4178
5153
6883
6837
3307
5650
4510
1159
5953
7879
6555
8236
4295
3998
7437
7016
9905 4351
8265
7409
7902 8873
3847
6998
8136
3206
8121
7650
8727 3241
2260
1684
9432 5213
2795
3641
7733
7001
4694
7944
5675
419
6712
7741
4938
9661 1901
8518 4929
2536
1653 9784
1253
2390
8513
7504
234
399
2870
5905
156
8359
4987
898
3329
4984
2667
2185
2507
7171
5055 9894
73 9914
2890
2681
6388
2674
3953
2602
847
7151
6976
6590
4244
5478
5049
4082
5217
7530
8961 2125
5248
6480
7524
1925
50
480
5134
6125
158
2768
7839
7304
7918 8772
1234
4819
1916
774
8397
3681
295
5572
1512
7479
9998 6738
4365
1739
6854
4626
5795
897
4183
8270
2066
2021
4444
806
3762
3330
8133 9374 9351
6245
4925
2894
6046
4873
2648
1238
6198
171
7291
7380
8169
3149 9365
7063
3341
4969
3025
4042
8410
504
9747 7602
5761
833
4614
6865
140
6979
5138
139
2932
4487 9715
4652
6712
6757
106
609
5630
3025
859
1482
286
9635 8337
4670
2331
3000
7679
1903
1678
8114
1078
910
4156
7637
6714 9999
9206 7137
3931
8798 1501
963 8813
6184
9209 6930
4983
8194
1538
3632
1142
4848
5936
6972
3106
4267
7966
6154
563
8991 1048
3098
5857
6746
633
7664
4855
5683
150
2848
3529
3679
3382
1334
5763
6010
7211
1905
2491
2504
9603 1251
5266
745
1269
32
773
2755
2880
882
5601
347 9416
7758
7410 9887
1613
2776 9986
8923 7682
6539
6982
3610 9898
9042 6854
3003
6594
5192 9443
8104
3122
2582
1456
6330
9633 1869
9044 4902
5890
3558
8806 3369
971
1600
8438
4146
1610
1894
2020
3481
7119
8497
5889
1055
4624
691
41
4025
6831
664
4739
7892
6594
9007 7794
9239 6235 9342
6172
3216
6712
7757
5686
7868
5002
6548
1391
7702
2436
7604
4392
3291 9574
2038
321
5829
3022
4509
1645
2110
2459 9142
6677
3048
7254
7039
1515
2718
4039
3124
2626
8565
8874 1144
5403
5803
3701
7628
9973 4800
8470 8929
6197
2689
8265
3124
3995
6468
2817
1257
4360
7819
4247
2446
4507
662
6698
3547
6656
1077
8648
9328 4029
3647
6344
5979
2814
4817
7094
8717
7940
4066
6353
5980
591
1856
8649
3799
3562
7944
2410
2370
6810
811
5442
2321 9718
453
5140
6626
2932
3567
8438
4808
7589
8938 7676
508
5923 8957
747 9659
7693
6003
1017
7110
1936
5755
1896
3535
2818
752
7673
4674
2190
5880
6679
759
6334
1766
6106
1255
7538
7022
2566
7146
1808
5252
4177
1652
3902 9085
4026
1027
6240
6702
6352
9283 6851
3840
523
1309
8490
8917 8773
2454
8249
7580
6673
2093
4443
7727
9781 1705
3710
4362
6690
4251
8368
7865
264
5842 9980
1275
8368
576
9216 1528
4591
2470
2388
7596 9611
7343
4169
6670
1981
8002
3923
2986
3068
7457
6168
2527
253
6013
7498
7000
5901
14
5443
8874
109
9676 238
3153
6757
766
8700
3110
7121 9277
699
8202
5761
8779
176
3630
1463
4856
6995
1513
902
5689 9167
8831
1494
1839
7686
6873
7823
4648
2812
7776
5028
1495
5479
7910
4928
5233
9021 6109
3419
764
6693
9415 8833
6420
2296
7678
8552
4837 9833
6669
975
4206
6413
3828
6225
2607
4787
6868
8113
3323
3517
1762
4607
3692
5294
7857
4233
7933
1448
6451
2834
5890
3921
5092
8391
1289
6954
8665
3919
824
9090 755
1268
5121
3207
8304
3097
1920
2065
5231
7913
5471
8348
3247
8739
3202
2310
4497
4461
309
5810
4761
4379
6151
451
5658
5424
2214
8953
5314
6909
2599
449
7173
1027
7601
5790
7314
626
5677
1462
9652 4919
4815
3674
3418
5791
8115
7889
7956
8704
5809
8714
1576
3778
4836
748
3076
5648
6870
1459
4520
5741
5550
3809
1273
6500
4856
331
1237 9699
4982
8362
5534
5013
3784
622
3383
5659 9672
7758
2977
5306
7094
7941
4217
6438 9552
7790
1807 9462
2823
5265
3821
7903
1263
3641
8863
158
318
3678
1110
8994
3509
7585
5806
9888 6556
7517
1895
8411
5541
8329
4680
3974
4025
8015
6862
1037 9106
9105
8267
6986
9339 4646
2865
8425
3069
5795
490
143
6603
1311
6313 9280
3994
5862
3692
6638
665
8010
1388 9155
7076
2287
6436 9441
984
9488 5201
3719
2775
5756
4199
6080
7165
4711
3476
633
1354
6703
8762
4340
834
7962
1600
1188
4734
4818
7932
4608 9678
1940
8446
2812
9125
3058
7898
4093
60
992
3171
7936
4725
3875
7015
2477 9694
8937 9467
307
1289
4993
2044
1157
1431
1760
3962
3652
7374
990
1813
5514
5063
573
1532
656
2613
4229
8411
68
3098
1917
1726
7759
4396
3105
4309
5457
4467
1361
1783
4270
6250
3106
4 9561
8156
1477
9811 8646
2609
2250
8651
1480
2340
2336
2677
8262
3217
8894
6260
7611
876
9708 9962 7057
7068
3759
6704
5044
4159
6653 9942
6510
4840
3466
5465
7128
4180 9362
6360
6018
8324
1086
8064
4041
8740
6058
3414
3845
1650
276
9317 3980
3586
1491
1691
4432
5916
5381
1582
533
3729
3700
2230
2867
2698
9632 2980
3119
6796
5423
2784
113
535
5202
9491 1707
4177
7922
9745 383
7831
2719
2606
798
2559
5222
8925
6854
2261
9118 9518
396
1211
8869
5442
2852
6053
5430
1388
2369
3018
5816
2785
5965
6285 9445
8311
3975
4481
5400
627
5429
11
4959
7917
3558
4068
1547
4529 9519
555
331 9933
6696
7213
3468
4868
5023
4270
1790 9393
9245
3280
5290
5346
213
2401
9974 1017
4726
1134
8070
4082
8799
4988
2602
3752
5658
6179
4061
1060
2020
1282
3499
9109
7086
6094
8740
5943
3272
3856
2935
2830
3102
3765
108
8591
3296
5117
7385
4008
7871
801
3360
3945
3323
5393 9473
9533 9232
8106
5954
8604
7232
1999
5167
155
3800
4592
477
8180
8591
8113
2914
8062
99
3114 9434 9751
1096
6640
6561
6065
1896
5975
115
5406
1143
1839
4114
5484
4418
9316
2965
8398
6886
5784
3206
2127
6199
8371
1167
4602
2844
2901
5614
769
3389
4293
4102
7178
1753
4930
2034
8957
8695
2693
4845
6479 9680
6115
3517
7113
3358
4176
1723
5705
6388
2769
8326
3132
6700
8500
9734 2432
9379
7617
3600
2419
6502
3014
3853
9128
1805
8707
323
9294
6483
2252
1969
6497
7049
447
1439
3859
3791
2060
2636
7795
6843
7492
6208
5893
9078
6518
8154
4092
209
9671 9167
3373
1497
4989
8292
682
9361
2767
4509
2281
3585
7191
1685
5946
5285
7915
7726
8153
3568
7297
6122
9130
3651
2815
9267
7711
8064
3930
5794
5289
2761
2668
3649
2715
8449
109
2915
2347
1693
1173
2528
1595
1439
1368
7474
1054
6676
2195
7902
5577
3579
9280
9608 9307
2620
8032
2182
784
3316
6947
1993
4289
3221
19
6645
1389
1160
9362
6832
4938
7156
4523
784
1051
3502
4876
6301
3829
6962
5008
5216
2200
3201
8353
4430
2515
9076 9953
3823
3773
3444
8410
2113
6433
3882
6098
9203
5713
8030
5385 9958
6713
1784
5800
7491
6755
8260
7599
7173
1584
8754
7540
2817
2444
8021
6045
8458
9934 2070
1615
3084 9916
6962
826
978
3484
382
668
1441
7843
1228
5393
4476
4209
2497
3809
6717
5879
4185
7603
7570
8685
5854
4287
8041
7011
9519
8095
3019
8898
4498 9744
127
1946
2866
5031
2263
7959
8301
262
1125
7024
6890
173
7349
6584
6018
1868
7544
628
232
9259
8713
766
8633
4515
857
2463
6366
1946
2806
3214
3712
1951
4094 9691
2277
8461
6276
943
4181
7357
9034
96
7350
5338
2528
3864
4357 9963
8834
5957
8512
8101
4732
9706 6809
5938
2947
7502
5935
4074
499
9467
9069
5901
6128
8174
8919
4873
9151
4018
9419
7031
2926
4184
1773
117
796
715
6520
7123
3542
9645
6071
6711
9166
1712
1722
3841
2458
9061
5878
1439
4293
7005
3324
1126 9772
9664
1623
9220
2318
7297
2137
1475
5561
2920
8622
6664
5406
8822
7976
566
352
5066
5392
8227
8137
3879
3732
7056
4948
3020
691 9765
647
1083
9433
3425
1059
6886
6467
8417
268
8089
315
1543
9612
9270
6408
8612
2982
5884
7747
9379
1964
6158
6241
3632
2362
3458
3649
4281
2254
1294
4332
6994
5120
9731
4712
1608
1152
3631
751
5278
9705
8048
2256
5393
423
5661
529
1929
4789
8882
2409
5051
8515
7981
3946
972
3463
1019
4714
9975 178
6289
4860
34
3847
4779
4948
4820
2842
2124
8137
5702
2477
5847
2517
185
6
6714
6505
7455
9206
5961
2450
2636
3423
7449
4181
5086
4200
7865
1839
3742
2026
9827 2624
5075
8413
9824
3048
7037
2723
6227
4092
8962
1603
2548
4222
6105
8062
371
1573
6725
1617
6447
2767
439
5452
7895
1958
10
4309
7430
346
3834
2368
5777
3392
4028
6757
1009
8418
8342
4852
1901
6817
132
7867
179
6984
5147
3715
3705
3515
1318
2878
793
4186
6304
4049
7612
8401
4714
3534
3205
4314
4569
1680
8697
9094
4641 9917
3521
747
7713
3042
8534
2203
7380
4046
8703
4133
4507
2647
2268
4660
7115
8487
3661
4699
1343
3233
6861
7312
455
7384
8535
6928
9583
9889
7236
1480
4736
6299
3358
1522
4244
8274
4088
4668
7671
8101
4695
5689
5483
9309
9581
4486
2287
3553
6867
8366
4930
4607
9226
6009
7793
3636
1144
3326
4848
5907
3255
7329
7629
9552
7308
4724
4346
1430
9564
5874
6760
7971
9220
9658
6219
4403
7823
4237
7949
1787
7943
3787
7426
8778
9323
9791
50
6991
1616
2066
8890
1674
3407
7046
2237
3810
8699
5588
4616
3831
192
5717
5582
5741
6807
816
3240
8155
8576
8645
1365
